164	45838661	489
3985112	45938282	3985180
7985112	46038282	7985180
11985112	46138285	11985334
15985112	46238282	15985180
19985112	46338285	19985334
23985112	46438282	23985180
27985112	46538283	27985229
31985112	46638283	31985284
35985152	46738283	35985220
39985112	46838285	39985334
43985112	46938282	43985180
47985112	47038285	47985334
51985112	47138282	51985180
55985112	47238285	55985334
59985112	47338282	59985180
63985112	47438286	63985334
67985112	47538283	67985180
71985112	47638285	71985334
75985112	47738282	75985180
79985112	47838283	79985284
83985152	47938283	83985220
87985112	48038286	87985334
91985193	48138286	91985366
95985112	48238285	95985334
99985112	48338282	99985180
103985112	48438285	103985334
107985112	48538282	107985180
111985112	48638282	111985180
115985112	48738285	115985334
119985112	48838282	119985180
123985112	48938285	123985334
127985112	49038282	127985180
131985193	49138285	131985366
135985152	49238283	135985220
139985112	49338285	139985334
143985112	49438282	143985180
147985112	49538285	147985334
151985112	49638282	151985180
155985112	49738282	155985180
159985112	49838285	159985334
163985112	49938285	163985334
167985112	50038282	167985180
171985193	50138287	171985415
175985112	50238282	175985180
179985112	50338283	179985284
183985152	50438283	183985220
187985112	50538285	187985334
191985112	50638282	191985180
195985112	50738285	195985334
199985112	50838282	199985180
203985112	50938285	203985334
207985112	51038282	207985180
211985193	51138287	211985415
215985112	51238282	215985180
219985112	51338285	219985334
223985112	51438282	223985180
227985112	51538283	227985284
231985152	51638283	231985220
235985112	51738285	235985334
239985112	51838282	239985180
243985112	51938285	243985334
247985112	52038282	247985180
251985193	52138287	251985415
255985112	52238282	255985180
259985112	52338285	259985334
263985112	52438282	263985180
267985112	52538285	267985334
271985112	52638282	271985180
275985164	52738286	275985386
279985112	52838283	279985284
283985152	52938284	283985270
287985112	53038284	287985253
291985193	53138285	291985261
295985112	53238285	295985334
299985112	53338282	299985180
303985112	53438284	303985253
307985112	53538283	307985180
311985112	53638285	311985334
315985112	53738282	315985180
319985112	53838284	319985253
323985112	53938283	323985180
327985112	54038283	327985284
331985234	54138285	331985302
335985112	54238285	335985334
339985112	54338282	339985180
343985193	54438285	343985366
347985112	54538283	347985229
351985112	54638283	351985253
355985112	54738283	355985229
359985112	54838283	359985253
363985112	54938283	363985229
367985112	55038283	367985253
371985112	55138283	371985229
375985152	55238284	375985293
379985112	55338283	379985229
383985112	55438284	383985253
387985112	55538284	387985229
391985112	55638283	391985180
395985193	55738285	395985366
399985112	55838285	399985334
403985112	55938282	403985180
407985112	56038285	407985334
411985112	56138282	411985180
415985112	56238285	415985334
419985112	56338282	419985180
423985112	56438286	423985334
427985112	56538283	427985180
431985112	56638285	431985334
435985112	56738282	435985180
439985112	56838285	439985334
443985112	56938282	443985180
447985112	57038282	447985180
451985275	57138287	451985448
455985152	57238283	455985220
459985112	57338285	459985334
463985112	57438282	463985180
467985112	57538285	467985334
471985112	57638282	471985180
475985112	57738285	475985334
479985112	57838282	479985180
483985112	57938285	483985334
487985112	58038282	487985180
491985112	58138285	491985334
495985112	58238282	495985180
499985193	58338285	499985366
503985112	58438282	503985180
507985112	58538285	507985334
511985112	58638282	511985180
515985112	58738285	515985334
519985112	58838282	519985180
523985112	58938285	523985334
527985112	59038282	527985180
531985112	59138285	531985334
535985112	59238282	535985180
539985112	59338285	539985334
543985112	59438282	543985180
547985219	59538286	547985392
551985152	59638284	551985270
555985356	59738291	555985610
559985112	59838282	559985180
563985219	59938286	563985392
567985152	60038284	567985270
571985315	60138290	571985568
575985112	60238282	575985180
579985219	60338286	579985392
583985112	60438283	583985229
587985112	60538283	587985253
591985112	60638283	591985229
595985193	60738285	595985334
599985112	60838283	599985229
603985112	60938283	603985253
607985112	61038283	607985229
611985112	61138283	611985253
615985112	61238283	615985229
619985112	61338282	619985180
623985112	61438283	623985253
627985112	61538283	627985229
631985315	61638290	631985568
635985112	61738282	635985180
639985112	61838286	639985334
643985112	61938283	643985180
647985112	62038286	647985334
651985112	62138283	651985180
655985112	62238286	655985334
659985112	62338283	659985180
663985112	62438286	663985334
667985112	62538283	667985180
671985112	62638286	671985334
675985112	62738283	675985180
679985219	62838287	679985392
683985112	62938283	683985180
687985112	63038286	687985334
691985112	63138283	691985180
695985112	63238286	695985334
699985112	63338283	699985180
703985112	63438286	703985334
707985112	63538283	707985180
711985112	63638286	711985334
715985112	63738283	715985180
719985112	63838286	719985334
723985112	63938283	723985180
727985315	64038289	727985487
731985112	64138283	731985180
735985112	64238286	735985334
739985112	64338283	739985180
743985112	64438286	743985334
747985112	64538283	747985180
751985112	64638286	751985334
755985112	64738283	755985180
759985112	64838286	759985334
763985112	64938283	763985180
767985112	65038286	767985334
771985112	65138283	771985180
775985219	65238287	775985392
779985112	65338283	779985180
783985112	65438286	783985334
787985112	65538283	787985180
791985112	65638283	791985180
795985112	65738286	795985334
799985112	65838283	799985180
803985112	65938283	803985180
807985112	66038286	807985334
811985112	66138286	811985334
815985112	66238283	815985180
819985112	66338286	819985334
823985112	66438283	823985180
827985315	66538289	827985487
831985112	66638283	831985180
835985112	66738286	835985334
839985112	66838283	839985180
843985112	66938286	843985334
847985112	67038283	847985180
851985112	67138286	851985334
855985112	67238283	855985180
859985112	67338286	859985334
863985112	67438283	863985180
867985112	67538286	867985334
871985112	67638283	871985180
875985219	67738287	875985392
879985112	67838284	879985229
883985112	67938284	883985253
887985112	68038284	887985229
891985152	68138285	891985293
895985112	68238284	895985229
899985112	68338284	899985253
903985112	68438284	903985229
907985112	68538284	907985253
911985112	68638284	911985229
915985112	68738284	915985253
919985112	68838284	919985229
923985219	68938287	923985392
927985112	69038283	927985180
931985112	69138286	931985334
935985112	69238283	935985180
939985112	69338286	939985334
943985112	69438283	943985180
947985112	69538286	947985334
951985112	69638283	951985180
955985193	69738288	955985447
959985152	69838284	959985220
963985112	69938286	963985334
967985112	70038283	967985180
971985219	70138287	971985361
975985193	70238286	975985366
979985112	70338283	979985180
983985112	70438286	983985334
987985112	70538283	987985180
991985112	70638286	991985334
995985112	70738283	995985180
999985112	70838286	999985334
1003985112	70938283	1003985180
1007985112	71038286	1007985334
1011985219	71138285	1011985288
1015985112	71238286	1015985334
1019985112	71338283	1019985180
1023985152	71438285	1023985325
1027985112	71538283	1027985180
1031985112	71638286	1031985334
1035985112	71738283	1035985180
1039985112	71838286	1039985334
1043985112	71938283	1043985180
1047985112	72038286	1047985334
1051985219	72138285	1051985288
1055985112	72238286	1055985334
1059985112	72338283	1059985180
1063985112	72438286	1063985334
1067985112	72538283	1067985180
1071985315	72638289	1071985487
1075985112	72738284	1075985229
1079985219	72838289	1079985473
1083985112	72938283	1083985180
1087985112	73038286	1087985334
1091985112	73138283	1091985180
1095985112	73238286	1095985334
1099985112	73338283	1099985180
1103985112	73438286	1103985334
1107985112	73538283	1107985180
1111985112	73638286	1111985334
1115985112	73738283	1115985180
1119985112	73838286	1119985334
1123985112	73938283	1123985180
1127985112	74038283	1127985180
1131985397	74138288	1131985569
1135985112	74238281	1135985229
1139985112	74338284	1139985253
1143985112	74438283	1143985180
1147985112	74538287	1147985334
1151985112	74638284	1151985180
1155985112	74738285	1155985253
1159985112	74838284	1159985180
1163985112	74938286	1163985334
1167985112	75038283	1167985180
1171985112	75138284	1171985253
1175985112	75238284	1175985229
1179985219	75338289	1179985473
1183985112	75438283	1183985180
1187985112	75538286	1187985334
1191985112	75638283	1191985180
1195985112	75738286	1195985334
1199985112	75838283	1199985180
1203985112	75938286	1203985334
1207985112	76038283	1207985180
1211985112	76138286	1211985334
1215985112	76238283	1215985180
1219985112	76338286	1219985334
1223985112	76438283	1223985180
1227985315	76538289	1227985487
1231985112	76638283	1231985180
1235985112	76738286	1235985334
1239985112	76838283	1239985180
1243985112	76938286	1243985334
1247985112	77038283	1247985180
1251985112	77138286	1251985334
1255985112	77238283	1255985180
1259985112	77338286	1259985334
1263985112	77438283	1263985180
1267985112	77538286	1267985334
1271985112	77638283	1271985180
1275985219	77738287	1275985392
1279985112	77838283	1279985180
1283985112	77938286	1283985334
1287985112	78038283	1287985180
1291985112	78138286	1291985334
1295985112	78238283	1295985180
1299985112	78338283	1299985180
1303985112	78438286	1303985334
1307985112	78538283	1307985180
1311985112	78638286	1311985334
1315985112	78738283	1315985180
1319985112	78838283	1319985180
1323985112	78938286	1323985334
1327985315	79038289	1327985487
1331985112	79138283	1331985180
1335985112	79238286	1335985334
1339985112	79338283	1339985180
1343985112	79438286	1343985334
1347985112	79538283	1347985180
1351985112	79638286	1351985334
1355985112	79738283	1355985180
1359985112	79838286	1359985334
1363985112	79938283	1363985180
1367985193	80038288	1367985447
1371985233	80138286	1371985301
1375985275	80238288	1375985448
1379985112	80338283	1379985180
1383985112	80438286	1383985334
1387985112	80538283	1387985180
1391985112	80638286	1391985334
1395985112	80738283	1395985180
1399985112	80838286	1399985334
1403985112	80938283	1403985180
1407985112	81038287	1407985334
1411985138	81138284	1411985206
1415985112	81238286	1415985334
1419985112	81338283	1419985180
1423985112	81438283	1423985180
1427985112	81538283	1427985180
1431985193	81638286	1431985366
1435985112	81738283	1435985180
1439985112	81838286	1439985334
1443985112	81938283	1443985180
1447985112	82038286	1447985334
1451985233	82138286	1451985301
1455985112	82238286	1455985334
1459985112	82338283	1459985180
1463985112	82438286	1463985334
1467985112	82538283	1467985180
1471985112	82638283	1471985180
1475985112	82738286	1475985334
1479985112	82838283	1479985180
1483985193	82938287	1483985366
1487985112	83038284	1487985180
1491985138	83138287	1491985360
1495985112	83238283	1495985180
1499985112	83338286	1499985334
1503985112	83438283	1503985180
1507985112	83538286	1507985334
1511985112	83638283	1511985180
1515985112	83738287	1515985334
1519985112	83838284	1519985180
1523985112	83938286	1523985334
1527985112	84038283	1527985180
1531985315	84138289	1531985487
1535985112	84238283	1535985180
1539985112	84338286	1539985334
1543985112	84438283	1543985180
1547985112	84538286	1547985334
1551985112	84638283	1551985180
1555985112	84738286	1555985334
1559985112	84838283	1559985180
1563985112	84938286	1563985334
1567985112	85038283	1567985180
1571985112	85138286	1571985334
1575985112	85238283	1575985180
1579985193	85338286	1579985366
1583985112	85438283	1583985180
1587985112	85538286	1587985334
1591985112	85638283	1591985180
1595985112	85738286	1595985334
1599985112	85838283	1599985180
1603985112	85938286	1603985334
1607985112	86038283	1607985180
1611985138	86138287	1611985360
1615985112	86238283	1615985180
1619985112	86338286	1619985334
1623985112	86438283	1623985180
1627985193	86538286	1627985366
1631985112	86638283	1631985180
1635985112	86738286	1635985334
1639985112	86838283	1639985180
1643985112	86938283	1643985180
1647985112	87038286	1647985334
1651985233	87138286	1651985301
1655985112	87238286	1655985334
1659985112	87338283	1659985180
1663985112	87438283	1663985180
1667985112	87538286	1667985334
1671985112	87638286	1671985334
1675985112	87738283	1675985180
1679985193	87838287	1679985366
1683985112	87938284	1683985180
1687985112	88038287	1687985334
1691985138	88138284	1691985206
1695985112	88238286	1695985334
1699985112	88338283	1699985180
1703985112	88438286	1703985334
1707985112	88538283	1707985180
1711985112	88638286	1711985334
1715985112	88738283	1715985180
1719985112	88838282	1719985334
1723985112	88938279	1723985180
1727985193	89038286	1727985366
1731985233	89138286	1731985301
1735985112	89238286	1735985334
1739985112	89338283	1739985180
1743985112	89438286	1743985334
1747985112	89538283	1747985180
1751985112	89638286	1751985334
1755985112	89738283	1755985180
1759985112	89838286	1759985334
1763985112	89938283	1763985180
1767985112	90038286	1767985334
1771985112	90138283	1771985180
1775985219	90238287	1775985392
1779985112	90338283	1779985180
1783985112	90438286	1783985334
1787985112	90538283	1787985180
1791985112	90638286	1791985334
1795985112	90738283	1795985180
1799985112	90838286	1799985334
1803985112	90938283	1803985180
1807985112	91038286	1807985334
1811985234	91138286	1811985302
1815985112	91238286	1815985334
1819985112	91338283	1819985180
1823985112	91438283	1823985180
1827985219	91538287	1827985392
1831985112	91638284	1831985229
1835985112	91738284	1835985253
1839985112	91838284	1839985229
1843985112	91938284	1843985253
1847985112	92038284	1847985229
1851985152	92138285	1851985293
1855985112	92238284	1855985229
1859985112	92338284	1859985253
1863985112	92438284	1863985229
1867985112	92538285	1867985253
1871985112	92638285	1871985229
1875985219	92738289	1875985473
1879985112	92838283	1879985180
1883985112	92938286	1883985334
1887985112	93038283	1887985180
1891985234	93138289	1891985456
1895985112	93238283	1895985180
1899985112	93338286	1899985334
1903985112	93438283	1903985180
1907985112	93538286	1907985334
1911985112	93638283	1911985180
1915985112	93738286	1915985334
1919985112	93838283	1919985180
1923985219	93938287	1923985392
1927985112	94038283	1927985180
1931985112	94138286	1931985334
1935985112	94238283	1935985180
1939985112	94338286	1939985334
1943985112	94438283	1943985180
1947985112	94538286	1947985334
1951985112	94638283	1951985180
1955985112	94738286	1955985334
1959985112	94838283	1959985180
1963985112	94938286	1963985334
1967985112	95038283	1967985180
1971985112	95138286	1971985334
1975985219	95238289	1975985473
1979985112	95338286	1979985334
1983985112	95438283	1983985180
1987985112	95538283	1987985180
1991985112	95638286	1991985334
1995985112	95738283	1995985180
1999985112	95838286	1999985334
2003985112	95938283	2003985180
2007985112	96038286	2007985334
2011985152	96138284	2011985220
2015985112	96238286	2015985334
2019985112	96338283	2019985180
2023985219	96438287	2023985392
2027985112	96538283	2027985180
2031985112	96638286	2031985334
2035985112	96738283	2035985180
2039985112	96838283	2039985180
2043985112	96938286	2043985334
2047985112	97038287	2047985334
2051985152	97138285	2051985220
2055985112	97238282	2055985334
2059985112	97338279	2059985180
2063985112	97438286	2063985334
2067985112	97538283	2067985180
2071985219	97638287	2071985392
2075985112	97738283	2075985180
2079985112	97838286	2079985334
2083985112	97938283	2083985180
2087985112	98038286	2087985334
2091985152	98138284	2091985220
2095985112	98238286	2095985334
2099985112	98338283	2099985180
2103985112	98438286	2103985334
2107985112	98538283	2107985180
2111985112	98638286	2111985334
2115985112	98738283	2115985180
2119985219	98838287	2119985392
2123985112	98938283	2123985180
2127985112	99038287	2127985334
2131985152	99138285	2131985220
2135985219	99238288	2135985361
2139985234	99338288	2139985351
2143985112	99438286	2143985334
2147985112	99538283	2147985180
2151985112	99638284	2151985229
2155985112	99738283	2155985180
2159985112	99838284	2159985253
2163985112	99938284	2163985229
2167985112	100038283	2167985180
2171985219	100138289	2171985441
2175985112	100238283	2175985180
2179985112	100338286	2179985334
2183985112	100438283	2183985180
2187985112	100538284	2187985253
2191985112	100638283	2191985180
2195985112	100738286	2195985334
2199985112	100838283	2199985180
2203985112	100938286	2203985334
2207985112	101038283	2207985180
2211985219	101138289	2211985441
2215985112	101238283	2215985180
2219985112	101338286	2219985334
2223985112	101438283	2223985180
2227985112	101538286	2227985334
2231985112	101638283	2231985180
2235985152	101738285	2235985293
2239985112	101838283	2239985180
2243985112	101938286	2243985334
2247985112	102038283	2247985180
2251985219	102138289	2251985441
2255985112	102238283	2255985180
2259985112	102338286	2259985334
2263985112	102438283	2263985180
2267985112	102538286	2267985334
2271985112	102638283	2271985180
2275985112	102738286	2275985334
2279985112	102838283	2279985180
2283985112	102938284	2283985253
2287985112	103038283	2287985180
2291985193	103138288	2291985415
2295985112	103238283	2295985180
2299985112	103338286	2299985334
2303985112	103438283	2303985180
2307985112	103538286	2307985334
2311985112	103638283	2311985180
2315985112	103738286	2315985334
2319985112	103838283	2319985180
2323985112	103938283	2323985180
2327985112	104038286	2327985334
2331985138	104138287	2331985360
2335985152	104238287	2335985374
2339985112	104338283	2339985180
2343985112	104438286	2343985334
2347985112	104538283	2347985180
2351985112	104638286	2351985334
2355985112	104738283	2355985180
2359985112	104838286	2359985334
2363985112	104938283	2363985180
2367985112	105038286	2367985334
2371985219	105138285	2371985288
2375985112	105238286	2375985334
2379985112	105338283	2379985180
2383985112	105438284	2383985253
2387985112	105538283	2387985180
2391985112	105638286	2391985334
2395985112	105738283	2395985180
2399985112	105838286	2399985334
2403985112	105938283	2403985180
2407985112	106038286	2407985334
2411985219	106138285	2411985288
2415985112	106238186	2415985334
2419985112	106338183	2419985180
2423985112	106438286	2423985334
2427985112	106538283	2427985180
2431985152	106638285	2431985293
2435985112	106738283	2435985180
2439985112	106838286	2439985334
2443985112	106938283	2443985180
2447985112	107038286	2447985334
2451985219	107138285	2451985288
2455985112	107238286	2455985334
2459985112	107338283	2459985180
2463985112	107438286	2463985334
2467985112	107538283	2467985180
2471985112	107638286	2471985334
2475985112	107738283	2475985180
2479985112	107838284	2479985253
2483985112	107938283	2483985180
2487985112	108038286	2487985334
2491985219	108138285	2491985288
2495985112	108238286	2495985334
2499985112	108338283	2499985180
2503985112	108438283	2503985180
2507985112	108538286	2507985334
2511985112	108638283	2511985180
2515985112	108738283	2515985180
2519985112	108838283	2519985180
2523985112	108938286	2523985334
2527985112	109038283	2527985180
2531985234	109138289	2531985456
2535985112	109238283	2535985180
2539985112	109338286	2539985334
2543985112	109438283	2543985180
2547985112	109538283	2547985180
2551985112	109638286	2551985334
2555985112	109738286	2555985334
2559985112	109838283	2559985180
2563985112	109938286	2563985334
2567985112	110038283	2567985180
2571985138	110138287	2571985360
2575985112	110238283	2575985180
2579985112	110338284	2579985253
2583985112	110438283	2583985180
2587985397	110538293	2587985619
2591985112	110638283	2591985180
2595985112	110738286	2595985334
2599985112	110838283	2599985180
2603985112	110938283	2603985180
2607985112	111038286	2607985334
2611985112	111138286	2611985334
2615985112	111238283	2615985180
2619985112	111338286	2619985334
2623985112	111438283	2623985180
2627985219	111538287	2627985361
2631985112	111638283	2631985180
2635985112	111738286	2635985334
2639985112	111838283	2639985180
2643985112	111938286	2643985334
2647985112	112038283	2647985180
2651985112	112138286	2651985334
2655985112	112238283	2655985180
2659985112	112338287	2659985334
2663985112	112438284	2663985180
2667985112	112538284	2667985180
2671985112	112638286	2671985334
2675985112	112738283	2675985180
2679985315	112838289	2679985456
2683985112	112938283	2683985180
2687985112	113038286	2687985334
2691985112	113138283	2691985180
2695985112	113238286	2695985334
2699985112	113338283	2699985180
2703985112	113438282	2703985334
2707985112	113538279	2707985180
2711985112	113638286	2711985334
2715985112	113738283	2715985180
2719985112	113838286	2719985334
2723985112	113938283	2723985180
2727985219	114038287	2727985361
2731985112	114138283	2731985180
2735985112	114238286	2735985334
2739985112	114338283	2739985180
2743985112	114438286	2743985334
2747985112	114538283	2747985180
2751985112	114638286	2751985334
2755985112	114738283	2755985180
2759985112	114838286	2759985334
2763985112	114938283	2763985180
2767985112	115038286	2767985334
2771985112	115138283	2771985180
2775985315	115238289	2775985456
2779985112	115338283	2779985180
2783985112	115438286	2783985334
2787985112	115538283	2787985180
2791985112	115638286	2791985334
2795985112	115738283	2795985180
2799985112	115838286	2799985334
2803985112	115938283	2803985180
2807985112	116038286	2807985334
2811985112	116138283	2811985180
2815985112	116238286	2815985334
2819985112	116338283	2819985180
2823985219	116438287	2823985361
2827985112	116538283	2827985180
2831985112	116638286	2831985334
2835985112	116738283	2835985180
2839985112	116838283	2839985180
2843985112	116938286	2843985334
2847985112	117038283	2847985180
2851985112	117138286	2851985334
2855985112	117238283	2855985180
2859985112	117338286	2859985334
2863985112	117438283	2863985180
2867985112	117538286	2867985334
2871985112	117638283	2871985180
2875985315	117738290	2875985456
2879985112	117838284	2879985180
2883985112	117938286	2883985334
2887985112	118038283	2887985180
2891985112	118138286	2891985334
2895985112	118238283	2895985180
2899985112	118338286	2899985334
2903985112	118438283	2903985180
2907985112	118538286	2907985334
2911985112	118638283	2911985180
2915985112	118738286	2915985334
2919985112	118838283	2919985180
2923985219	118938287	2923985361
2927985112	119038283	2927985180
2931985112	119138286	2931985334
2935985112	119238283	2935985180
2939985112	119338286	2939985334
2943985112	119438283	2943985180
2947985112	119538286	2947985334
2951985112	119638283	2951985180
2955985112	119738286	2955985334
2959985112	119838283	2959985180
2963985112	119938286	2963985334
2967985112	120038283	2967985180
2971985315	120138289	2971985456
2975985112	120238283	2975985180
2979985112	120338287	2979985334
2983985112	120438284	2983985180
2987985112	120538286	2987985334
2991985112	120638283	2991985180
2995985112	120738283	2995985180
2999985193	120838288	2999985415
3003985112	120938286	3003985334
3007985112	121038283	3007985180
3011985315	121138291	3011985537
3015985112	121238283	3015985180
3019985112	121338283	3019985180
3023985112	121438284	3023985253
3027985112	121538283	3027985180
3031985112	121638286	3031985334
3035985112	121738283	3035985180
3039985112	121838286	3039985334
3043985112	121938283	3043985180
3047985112	122038286	3047985334
3051985219	122138285	3051985288
3055985112	122238286	3055985334
3059985112	122338283	3059985180
3063985112	122438286	3063985334
3067985112	122538283	3067985180
3071985112	122638284	3071985253
3075985112	122738283	3075985180
3079985112	122838286	3079985334
3083985112	122938283	3083985180
3087985112	123038287	3087985334
3091985315	123138289	3091985383
3095985112	123238286	3095985334
3099985112	123338283	3099985180
3103985112	123438286	3103985334
3107985112	123538283	3107985180
3111985112	123638286	3111985334
3115985112	123738283	3115985180
3119985112	123838284	3119985253
3123985112	123938283	3123985180
3127985112	124038286	3127985334
3131985219	124138285	3131985288
3135985112	124238286	3135985334
3139985112	124338283	3139985180
3143985112	124438286	3143985334
3147985112	124538283	3147985180
3151985112	124638286	3151985334
3155985112	124738283	3155985180
3159985112	124838286	3159985334
3163985112	124938283	3163985180
3167985112	125038283	3167985180
3171985298	125138291	3171985520
3175985112	125238286	3175985334
3179985112	125338283	3179985180
3183985112	125438286	3183985334
3187985112	125538283	3187985180
3191985112	125638283	3191985180
3195985112	125738286	3195985334
3199985112	125838283	3199985180
3203985112	125938283	3203985180
3207985112	126038283	3207985180
3211985315	126138291	3211985537
3215985112	126238283	3215985180
3219985112	126338286	3219985334
3223985112	126438283	3223985180
3227985112	126538284	3227985253
3231985112	126638283	3231985180
3235985112	126738286	3235985334
3239985112	126838283	3239985180
3243985112	126938286	3243985334
3247985112	127038283	3247985180
3251985219	127138289	3251985441
3255985112	127238283	3255985180
3259985112	127338286	3259985334
3263985112	127438283	3263985180
3267985112	127538286	3267985334
3271985112	127638283	3271985180
3275985112	127738285	3275985253
3279985112	127838284	3279985180
3283985112	127938287	3283985334
3287985112	128038284	3287985180
3291985315	128138291	3291985537
3295985112	128238283	3295985180
3299985112	128338286	3299985334
3303985112	128438283	3303985180
3307985112	128538286	3307985334
3311985112	128638283	3311985180
3315985112	128738286	3315985334
3319985112	128838283	3319985180
3323985112	128938284	3323985253
3327985112	129038283	3327985180
3331985193	129138288	3331985415
3335985112	129238283	3335985180
3339985112	129338286	3339985334
3343985112	129438283	3343985180
3347985112	129538283	3347985180
3351985112	129638286	3351985334
3355985112	129738283	3355985180
3359985112	129838286	3359985334
3363985112	129938283	3363985180
3367985112	130038286	3367985334
3371985138	130138283	3371985206
3375985112	130238284	3375985253
3379985112	130338283	3379985180
3383985112	130438286	3383985334
3387985112	130538283	3387985180
3391985112	130638286	3391985334
3395985112	130738283	3395985180
3399985112	130838286	3399985334
3403985112	130938283	3403985180
3407985397	131038293	3407985619
3411985112	131138283	3411985180
3415985112	131238286	3415985334
3419985112	131338283	3419985180
3423985219	131438287	3423985361
3427985112	131538283	3427985180
3431985112	131638286	3431985334
3435985112	131738283	3435985180
3439985112	131838286	3439985334
3443985112	131938283	3443985180
3447985112	132038286	3447985334
3451985112	132138283	3451985180
3455985112	132238286	3455985334
3459985112	132338283	3459985180
3463985112	132438283	3463985180
3467985112	132538286	3467985334
3471985315	132638289	3471985456
3475985112	132738283	3475985180
3479985112	132838286	3479985334
3483985112	132938283	3483985180
3487985112	133038286	3487985334
3491985112	133138283	3491985180
3495985397	133238291	3495985569
3499985112	133338284	3499985229
3503985112	133438284	3503985253
3507985112	133538284	3507985229
3511985112	133638284	3511985253
3515985112	133738284	3515985229
3519985112	133838283	3519985180
3523985112	133938284	3523985253
3527985112	134038284	3527985229
3531985112	134138284	3531985253
3535985112	134238284	3535985229
3539985112	134338284	3539985253
3543985112	134438284	3543985229
3547985219	134538287	3547985392
3551985112	134638283	3551985180
3555985112	134738286	3555985334
3559985112	134838283	3559985180
3563985112	134938286	3563985334
3567985112	135038283	3567985180
3571985112	135138286	3571985334
3575985112	135238283	3575985180
3579985112	135338285	3579985334
3583985112	135438282	3583985180
3587985112	135538285	3587985334
3591985112	135638282	3591985180
3595985315	135738288	3595985487
3599985112	135838282	3599985180
3603985112	135938285	3603985334
3607985112	136038282	3607985180
3611985112	136138285	3611985334
3615985112	136238282	3615985180
3619985112	136338282	3619985180
3623985112	136438285	3623985334
3627985112	136538286	3627985334
3631985112	136638283	3631985180
3635985397	136738291	3635985569
3639985112	136838284	3639985229
3643985112	136938283	3643985253
3647985112	137038283	3647985229
3651985112	137138284	3651985253
3655985112	137238284	3655985229
3659985112	137338283	3659985253
3663985112	137438283	3663985229
3667985112	137538283	3667985253
3671985112	137638283	3671985229
3675985112	137738282	3675985180
3679985112	137838283	3679985253
3683985219	137938287	3683985392
3687985112	138038283	3687985180
3691985112	138138284	3691985253
3695985112	138238283	3695985229
3699985112	138338282	3699985180
3703985112	138438284	3703985253
3707985112	138538283	3707985180
3711985112	138638283	3711985229
3715985112	138738282	3715985180
3719985112	138838283	3719985253
3723985112	138938282	3723985180
3727985112	139038283	3727985229
3731985112	139138283	3731985253
3735985315	139238290	3735985568
3739985112	139338282	3739985180
3743985112	139438285	3743985334
3747985112	139538282	3747985180
3751985112	139638285	3751985334
3755985112	139738282	3755985180
3759985112	139838285	3759985334
3763985112	139938282	3763985180
3767985112	140038285	3767985334
3771985112	140138282	3771985180
3775985112	140238285	3775985334
3779985112	140338282	3779985180
3783985219	140438286	3783985392
3787985112	140538282	3787985180
3791985112	140638285	3791985334
3795985112	140738282	3795985180
3799985112	140838285	3799985334
3803985112	140938282	3803985180
3807985112	141038285	3807985334
3811985112	141138282	3811985180
3815985397	141238292	3815985650
3819985112	141338282	3819985180
3823985112	141438285	3823985334
3827985112	141538282	3827985180
3831985112	141638283	3831985284
3835985112	141738282	3835985180
3839985112	141838285	3839985334
3843985112	141938282	3843985180
3847985112	142038285	3847985334
3851985219	142138284	3851985288
3855985112	142238285	3855985334
3859985112	142338282	3859985180
3863985112	142438282	3863985180
3867985112	142538286	3867985334
3871985112	142638283	3871985180
3875985112	142738285	3875985334
3879985112	142838282	3879985180
3883985152	142938284	3883985325
3887985112	143038282	3887985180
3891985219	143138288	3891985441
3895985112	143238282	3895985180
3899985112	143338285	3899985334
3903985112	143438282	3903985180
3907985112	143538285	3907985334
3911985112	143638282	3911985180
3915985112	143738285	3915985334
3919985112	143838282	3919985180
3923985112	143938285	3923985334
3927985112	144038282	3927985180
3931985152	144138284	3931985325
3935985112	144238282	3935985180
3939985112	144338285	3939985334
3943985112	144438282	3943985180
3947985112	144538286	3947985334
3951985112	144638283	3951985180
3955985112	144738285	3955985334
3959985112	144838282	3959985180
3963985112	144938285	3963985334
3967985112	145038282	3967985180
3971985219	145138288	3971985441
3975985112	145238282	3975985180
3979985152	145338284	3979985325
3983985112	145438282	3983985180
3987985112	145538285	3987985334
3991985112	145638282	3991985180
3995985112	145738285	3995985334
3999985112	145838282	3999985180
4003985112	145938285	4003985334
4007985112	146038282	4007985180
4011985219	146138288	4011985441
4015985112	146238282	4015985180
4019985112	146338285	4019985334
4023985112	146438282	4023985180
4027985152	146538284	4027985325
4031985112	146638282	4031985180
4035985112	146738283	4035985229
4039985112	146838284	4039985253
4043985112	146938283	4043985180
4047985112	147038285	4047985334
4051985219	147138284	4051985288
4055985112	147238286	4055985334
4059985112	147338283	4059985180
4063985112	147438285	4063985334
4067985112	147538282	4067985180
4071985112	147638285	4071985334
4075985112	147738282	4075985180
4079985152	147838284	4079985325
4083985112	147938282	4083985180
4087985112	148038285	4087985334
4091985219	148138284	4091985288
4095985112	148238285	4095985334
4099985112	148338282	4099985180
4103985112	148438285	4103985334
4107985112	148538282	4107985180
4111985112	148638285	4111985334
4115985112	148738282	4115985180
4119985112	148838285	4119985334
4123985112	148938282	4123985180
4127985152	149038284	4127985325
4131985219	149138284	4131985288
4135985112	149238285	4135985334
4139985112	149338282	4139985180
4143985112	149438285	4143985334
4147985112	149538282	4147985180
4151985112	149638285	4151985334
4155985112	149738282	4155985180
4159985112	149838285	4159985334
4163985112	149938282	4163985180
4167985112	150038285	4167985334
4171985112	150138282	4171985180
4175985152	150238284	4175985325
4179985112	150338282	4179985180
4183985112	150438285	4183985334
4187985112	150538282	4187985180
4191985112	150638285	4191985334
4195985112	150738282	4195985180
4199985112	150838285	4199985334
4203985112	150938282	4203985180
4207985112	151038282	4207985180
4211985219	151138288	4211985441
4215985112	151238282	4215985180
4219985112	151338285	4219985334
4223985112	151438282	4223985180
4227985397	151538290	4227985569
4231985112	151638282	4231985180
4235985112	151738285	4235985334
4239985112	151838282	4239985180
4243985219	151938288	4243985473
4247985112	152038282	4247985180
4251985112	152138285	4251985334
4255985112	152238282	4255985180
4259985112	152338285	4259985334
4263985112	152438282	4263985180
4267985112	152538285	4267985334
4271985112	152638282	4271985180
4275985112	152738286	4275985334
4279985112	152838283	4279985180
4283985112	152938285	4283985334
4287985112	153038282	4287985180
4291985315	153138288	4291985487
4295985112	153238282	4295985180
4299985112	153338285	4299985334
4303985112	153438282	4303985180
4307985112	153538285	4307985334
4311985112	153638282	4311985180
4315985112	153738285	4315985334
4319985112	153838282	4319985180
4323985112	153938285	4323985334
4327985112	154038282	4327985180
4331985112	154138285	4331985334
4335985112	154238282	4335985180
4339985315	154338288	4339985487
4343985112	154438282	4343985180
4347985112	154538285	4347985334
4351985112	154638282	4351985180
4355985112	154738285	4355985334
4359985112	154838282	4359985180
4363985112	154938285	4363985334
4367985112	155038282	4367985180
4371985112	155138285	4371985334
4375985112	155238282	4375985180
4379985112	155338285	4379985334
4383985112	155438282	4383985180
4387985112	155538282	4387985180
4391985315	155638288	4391985487
4395985112	155738282	4395985180
4399985112	155838285	4399985334
4403985112	155938282	4403985180
4407985112	156038285	4407985334
4411985112	156138282	4411985180
4415985112	156238285	4415985334
4419985112	156338282	4419985180
4423985112	156438285	4423985334
4427985112	156538282	4427985180
4431985112	156638282	4431985180
4435985112	156738285	4435985334
4439985315	156838288	4439985487
4443985112	156938282	4443985180
4447985112	157038285	4447985334
4451985112	157138282	4451985180
4455985112	157238285	4455985334
4459985112	157338282	4459985180
4463985112	157438285	4463985334
4467985112	157538282	4467985180
4471985112	157638285	4471985334
4475985112	157738282	4475985180
4479985112	157838282	4479985180
4483985112	157938286	4483985334
4487985315	158038288	4487985487
4491985112	158138282	4491985180
4495985112	158238285	4495985334
4499985112	158338282	4499985180
4503985112	158438282	4503985180
4507985112	158538285	4507985334
4511985112	158638285	4511985334
4515985112	158738282	4515985180
4519985112	158838285	4519985334
4523985112	158938282	4523985180
4527985112	159038285	4527985334
4531985112	159138282	4531985180
4535985397	159238292	4535985619
4539985112	159338283	4539985229
4543985219	159438289	4543985441
4547985112	159538282	4547985180
4551985112	159638282	4551985180
4555985112	159738285	4555985334
4559985112	159838282	4559985180
4563985112	159938282	4563985180
4567985112	160038282	4567985180
4571985234	160138288	4571985456
4575985112	160238282	4575985180
4579985112	160338285	4579985334
4583985112	160438282	4583985180
4587985112	160538285	4587985334
4591985112	160638282	4591985180
4595985219	160738286	4595985361
4599985112	160838282	4599985180
4603985112	160938285	4603985334
4607985112	161038282	4607985180
4611985152	161138286	4611985374
4615985112	161238282	4615985180
4619985112	161338285	4619985334
4623985112	161438282	4623985180
4627985112	161538285	4627985334
4631985112	161638282	4631985180
4635985112	161738285	4635985334
4639985112	161838282	4639985180
4643985219	161938286	4643985361
4647985112	162038282	4647985180
4651985152	162138286	4651985374
4655985112	162238282	4655985180
4659985112	162338285	4659985334
4663985112	162438282	4663985180
4667985112	162538286	4667985334
4671985112	162638283	4671985180
4675985112	162738285	4675985334
4679985112	162838282	4679985180
4683985112	162938285	4683985334
4687985112	163038282	4687985180
4691985219	163138286	4691985361
4695985112	163238282	4695985180
4699985112	163338285	4699985334
4703985112	163438282	4703985180
4707985112	163538285	4707985334
4711985112	163638282	4711985180
4715985112	163738282	4715985180
4719985112	163838285	4719985334
4723985112	163938282	4723985180
4727985112	164038285	4727985334
4731985152	164138283	4731985220
4735985112	164238281	4735985334
4739985112	164338278	4739985180
4743985219	164438282	4743985361
4747985112	164538278	4747985180
4751985112	164638285	4751985334
4755985112	164738282	4755985180
4759985112	164838285	4759985334
4763985112	164938282	4763985180
4767985112	165038285	4767985334
4771985152	165138283	4771985220
4775985112	165238285	4775985334
4779985112	165338282	4779985180
4783985112	165438285	4783985334
4787985112	165538282	4787985180
4791985219	165638288	4791985441
4795985112	165738282	4795985180
4799985112	165838282	4799985180
4803985112	165938285	4803985334
4807985112	166038285	4807985334
4811985152	166138283	4811985220
4815985112	166238285	4815985334
4819985112	166338282	4819985180
4823985112	166438285	4823985334
4827985112	166538282	4827985180
4831985112	166638285	4831985334
4835985112	166738282	4835985180
4839985219	166838286	4839985361
4843985112	166938282	4843985180
4847985112	167038285	4847985334
4851985152	167138283	4851985220
4855985112	167238285	4855985334
4859985112	167338282	4859985180
4863985112	167438285	4863985334
4867985112	167538282	4867985180
4871985112	167638281	4871985180
4875985112	167738281	4875985180
4879985112	167838284	4879985334
4883985112	167938281	4883985180
4887985112	168038281	4887985180
4891985315	168138289	4891985537
4895985112	168238281	4895985180
4899985112	168338284	4899985334
4903985112	168438281	4903985180
4907985112	168538281	4907985180
4911985112	168638285	4911985334
4915985112	168738284	4915985334
4919985112	168838281	4919985180
4923985112	168938284	4923985334
4927985112	169038281	4927985180
4931985112	169138285	4931985334
4935985112	169238282	4935985180
4939985112	169338282	4939985180
4943985219	169438286	4943985361
4947985112	169538284	4947985334
4951985112	169638281	4951985180
4955985112	169738284	4955985334
4959985112	169838281	4959985180
4963985112	169938284	4963985334
4967985112	170038281	4967985180
4971985152	170138285	4971985374
4975985112	170238281	4975985180
4979985112	170338285	4979985334
4983985112	170438282	4983985180
4987985112	170538285	4987985334
4991985112	170638282	4991985180
4995985219	170738286	4995985361
4999985112	170838282	4999985180
5003985112	170938285	5003985334
5007985112	171038282	5007985180
5011985152	171138286	5011985374
5015985112	171238282	5015985180
5019985112	171338285	5019985334
5023985112	171438282	5023985180
5027985112	171538284	5027985334
5031985112	171638281	5031985180
5035985219	171738287	5035985441
5039985112	171838281	5039985180
5043985112	171938282	5043985253
5047985112	172038281	5047985180
5051985397	172138291	5051985619
5055985112	172238281	5055985180
5059985112	172338281	5059985180
5063985112	172438284	5063985334
5067985112	172538281	5067985180
5071985112	172638284	5071985334
5075985112	172738281	5075985180
5079985112	172838284	5079985334
5083985112	172938281	5083985180
5087985112	173038284	5087985334
5091985112	173138281	5091985180
5095985112	173238282	5095985253
5099985112	173338281	5099985180
5103985112	173438282	5103985229
5107985112	173538282	5107985253
5111985112	173638284	5111985334
5115985112	173738281	5115985180
5119985112	173838282	5119985253
5123985112	173938281	5123985180
5127985112	174038284	5127985334
5131985233	174138284	5131985301
5135985193	174238286	5135985415
5139985112	174338281	5139985180
5143985112	174438282	5143985253
5147985112	174538281	5147985180
5151985112	174638284	5151985334
5155985112	174738281	5155985180
5159985112	174838284	5159985334
5163985112	174938281	5163985180
5167985112	175038284	5167985334
5171985233	175138284	5171985301
5175985193	175238286	5175985415
5179985112	175338277	5179985180
5183985112	175438284	5183985334
5187985112	175538281	5187985180
5191985112	175638284	5191985334
5195985112	175738281	5195985180
5199985112	175838284	5199985334
5203985112	175938281	5203985180
5207985112	176038285	5207985334
5211985315	176138287	5211985383
5215985112	176238284	5215985334
5219985112	176338281	5219985180
5223985112	176438284	5223985334
5227985112	176538281	5227985180
5231985112	176638281	5231985180
5235985112	176738285	5235985334
5239985112	176838282	5239985180
5243985112	176938282	5243985253
5247985112	177038281	5247985180
5251985315	177138289	5251985537
5255985112	177238281	5255985180
5259985112	177338284	5259985334
5263985112	177438281	5263985180
5267985112	177538284	5267985334
5271985112	177638281	5271985180
5275985112	177738284	5275985334
5279985112	177838281	5279985180
5283985112	177938284	5283985334
5287985112	178038281	5287985180
5291985315	178138287	5291985456
5295985112	178238281	5295985180
5299985112	178338284	5299985334
5303985112	178438281	5303985180
5307985112	178538284	5307985334
5311985112	178638281	5311985180
5315985112	178738284	5315985334
5319985112	178838281	5319985180
5323985112	178938284	5323985334
5327985112	179038281	5327985180
5331985112	179138284	5331985334
5335985112	179238281	5335985180
5339985112	179338282	5339985253
5343985112	179438281	5343985180
5347985112	179538284	5347985334
5351985112	179638281	5351985180
5355985112	179738284	5355985334
5359985112	179838281	5359985180
5363985112	179938284	5363985334
5367985112	180038281	5367985180
5371985315	180138289	5371985537
5375985112	180238281	5375985180
5379985112	180338285	5379985334
5383985112	180438282	5383985180
5387985112	180538282	5387985253
5391985112	180638281	5391985180
5395985322	180738287	5395985439
5399985112	180838282	5399985253
5403985112	180938281	5403985180
5407985112	181038284	5407985334
5411985315	181138286	5411985383
5415985112	181238284	5415985334
5419985112	181338281	5419985180
5423985112	181438284	5423985334
5427985112	181538281	5427985180
5431985112	181638284	5431985334
5435985112	181738281	5435985180
5439985112	181838282	5439985253
5443985112	181938281	5443985180
5447985315	182038289	5447985537
5451985193	182138283	5451985261
5455985112	182238284	5455985334
5459985112	182338281	5459985180
5463985112	182438284	5463985334
5467985112	182538281	5467985180
5471985112	182638284	5471985334
5475985112	182738281	5475985180
5479985112	182838284	5479985334
5483985112	182938281	5483985180
5487985219	183038285	5487985361
5491985112	183138281	5491985180
5495985112	183238284	5495985334
5499985112	183338281	5499985180
5503985112	183438284	5503985334
5507985112	183538281	5507985180
5511985112	183638280	5511985334
5515985112	183738277	5515985180
5519985112	183838285	5519985334
5523985112	183938282	5523985180
5527985112	184038284	5527985334
5531985112	184138281	5531985180
5535985315	184238287	5535985456
5539985112	184338281	5539985180
5543985112	184438284	5543985334
5547985112	184538281	5547985180
5551985112	184638284	5551985334
5555985112	184738281	5555985180
5559985112	184838284	5559985334
5563985112	184938281	5563985180
5567985112	185038281	5567985180
5571985112	185138284	5571985334
5575985112	185238281	5575985180
5579985112	185338284	5579985334
5583985112	185438281	5583985180
5587985219	185538285	5587985361
5591985112	185638281	5591985180
5595985112	185738284	5595985334
5599985112	185838281	5599985180
5603985112	185938284	5603985334
5607985112	186038281	5607985180
5611985112	186138284	5611985334
5615985112	186238281	5615985180
5619985112	186338284	5619985334
5623985112	186438281	5623985180
5627985112	186538284	5627985334
5631985112	186638281	5631985180
5635985112	186738281	5635985180
5639985315	186838287	5639985456
5643985112	186938284	5643985334
5647985112	187038281	5647985180
5651985112	187138284	5651985334
5655985112	187238281	5655985180
5659985112	187338284	5659985334
5663985112	187438281	5663985180
5667985112	187538284	5667985334
5671985112	187638281	5671985180
5675985112	187738284	5675985334
5679985112	187838281	5679985180
5683985112	187938281	5683985180
5687985112	188038284	5687985334
5691985219	188138285	5691985361
5695985112	188238281	5695985180
5699985112	188338284	5699985334
5703985112	188438281	5703985180
5707985112	188538284	5707985334
5711985112	188638281	5711985180
5715985112	188738284	5715985334
5719985112	188838281	5719985180
5723985112	188938284	5723985334
5727985112	189038281	5727985180
5731985112	189138284	5731985334
5735985112	189238281	5735985180
5739985112	189338281	5739985180
5743985315	189438287	5743985456
5747985112	189538281	5747985180
5751985112	189638284	5751985334
5755985112	189738281	5755985180
5759985112	189838281	5759985180
5763985112	189938284	5763985334
5767985112	190038284	5767985334
5771985112	190138281	5771985180
5775985112	190238284	5775985334
5779985112	190338281	5779985180
5783985112	190438281	5783985180
5787985112	190538284	5787985334
5791985219	190638286	5791985361
5795985112	190738282	5795985180
5799985112	190838284	5799985334
5803985112	190938281	5803985180
5807985112	191038284	5807985334
5811985112	191138281	5811985180
5815985112	191238284	5815985334
5819985112	191338281	5819985180
5823985112	191438262	5823985334
5827985112	191538259	5827985180
5831985112	191638277	5831985180
5835985112	191738277	5835985180
5839985315	191838288	5839985456
5843985112	191938282	5843985180
5847985112	192038282	5847985180
5851985112	192138280	5851985334
5855985397	192238291	5855985619
5859985112	192338281	5859985180
5863985112	192438285	5863985334
5867985112	192538282	5867985180
5871985112	192638284	5871985334
5875985112	192738281	5875985180
5879985112	192838284	5879985334
5883985112	192938281	5883985180
5887985112	193038282	5887985253
5891985193	193138283	5891985261
5895985138	193238285	5895985360
5899985112	193338281	5899985180
5903985112	193438281	5903985180
5907985112	193538284	5907985334
5911985112	193638281	5911985180
5915985112	193738284	5915985334
5919985112	193838281	5919985180
5923985112	193938281	5923985180
5927985112	194038284	5927985334
5931985112	194138284	5931985334
5935985112	194238281	5935985180
5939985152	194338283	5939985293
5943985112	194438281	5943985180
5947985112	194538284	5947985334
5951985112	194638281	5951985180
5955985112	194738284	5955985334
5959985112	194838281	5959985180
5963985112	194938285	5963985334
5967985112	195038282	5967985180
5971985193	195138286	5971985415
5975985112	195238281	5975985180
5979985138	195338281	5979985206
5983985112	195438284	5983985334
5987985112	195538282	5987985253
5991985112	195638281	5991985180
5995985112	195738284	5995985334
5999985112	195838281	5999985180
6003985112	195938281	6003985180
6007985112	196038284	6007985334
6011985219	196138287	6011985441
6015985112	196238281	6015985180
6019985112	196338284	6019985334
6023985112	196438281	6023985180
6027985112	196538284	6027985334
6031985112	196638281	6031985180
6035985112	196738281	6035985180
6039985152	196838283	6039985293
6043985112	196938284	6043985334
6047985112	197038281	6047985180
6051985219	197138287	6051985441
6055985112	197238281	6055985180
6059985112	197338284	6059985334
6063985112	197438281	6063985180
6067985112	197538285	6067985334
6071985112	197638282	6071985180
6075985112	197738284	6075985334
6079985112	197838281	6079985180
6083985112	197938281	6083985180
6087985112	198038284	6087985334
6091985112	198138281	6091985180
6095985112	198238283	6095985253
6099985112	198338282	6099985180
6103985112	198438284	6103985334
6107985112	198538281	6107985180
6111985112	198638281	6111985180
6115985112	198738280	6115985334
6119985112	198838284	6119985334
6123985112	198938281	6123985180
6127985112	199038284	6127985334
6131985193	199138283	6131985261
6135985138	199238285	6135985360
6139985112	199338281	6139985180
6143985152	199438283	6143985293
6147985112	199538281	6147985180
6151985112	199638284	6151985334
6155985112	199738281	6155985180
6159985112	199838284	6159985334
6163985112	199938281	6163985180
6167985112	200038284	6167985334
6171985193	200138283	6171985261
6175985138	200238281	6175985360
6179985112	200338277	6179985180
6183985112	200438284	6183985334
6187985112	200538281	6187985180
6191985112	200638282	6191985253
6195985112	200738281	6195985180
6199985112	200838284	6199985334
6203985112	200938281	6203985180
6207985112	201038284	6207985334
6211985193	201138283	6211985261
6215985138	201238285	6215985360
6219985112	201338281	6219985180
6223985112	201438285	6223985334
6227985112	201538282	6227985180
6231985112	201638284	6231985334
6235985112	201738281	6235985180
6239985152	201838283	6239985293
6243985112	201938281	6243985180
6247985112	202038280	6247985334
6251985193	202138279	6251985261
6255985138	202238281	6255985360
6259985112	202338281	6259985180
6263985112	202438281	6263985180
6267985193	202538286	6267985415
6271985112	202638281	6271985180
6275985112	202738284	6275985334
6279985112	202838281	6279985180
6283985112	202938284	6283985334
6287985112	203038281	6287985180
6291985315	203138287	6291985456
6295985112	203238281	6295985180
6299985112	203338285	6299985334
6303985112	203438282	6303985180
6307985112	203538284	6307985334
6311985112	203638281	6311985180
6315985112	203738284	6315985334
6319985112	203838281	6319985180
6323985112	203938285	6323985334
6327985112	204038282	6327985180
6331985112	204138284	6331985334
6335985112	204238281	6335985180
6339985112	204338282	6339985253
6343985112	204438281	6343985180
6347985112	204538284	6347985334
6351985112	204638281	6351985180
6355985112	204738281	6355985180
6359985112	204838284	6359985334
6363985112	204938284	6363985334
6367985112	205038281	6367985180
6371985315	205138290	6371985537
6375985112	205238282	6375985180
6379985112	205338282	6379985180
6383985112	205438284	6383985334
6387985112	205538282	6387985253
6391985112	205638281	6391985180
6395985112	205738285	6395985334
6399985112	205838282	6399985180
6403985112	205938285	6403985334
6407985112	206038282	6407985180
6411985315	206138289	6411985537
6415985112	206238281	6415985180
6419985112	206338281	6419985180
6423985112	206438284	6423985334
6427985112	206538281	6427985180
6431985112	206638284	6431985334
6435985112	206738281	6435985180
6439985112	206838282	6439985253
6443985112	206938281	6443985180
6447985112	207038284	6447985334
6451985315	207138286	6451985383
6455985112	207238284	6455985334
6459985112	207338281	6459985180
6463985112	207438280	6463985334
6467985112	207538277	6467985180
6471985112	207638285	6471985334
6475985112	207738282	6475985180
6479985112	207838284	6479985334
6483985112	207938281	6483985180
6487985112	208038282	6487985253
6491985315	208138286	6491985383
6495985112	208238284	6495985334
6499985112	208338281	6499985180
6503985112	208438284	6503985334
6507985112	208538281	6507985180
6511985112	208638284	6511985334
6515985112	208738281	6515985180
6519985112	208838284	6519985334
6523985112	208938281	6523985180
6527985112	209038284	6527985334
6531985112	209138281	6531985180
6535985112	209238282	6535985253
6539985112	209338281	6539985180
6543985112	209438285	6543985334
6547985112	209538282	6547985180
6551985112	209638284	6551985334
6555985112	209738281	6555985180
6559985112	209838284	6559985334
6563985112	209938281	6563985180
6567985112	210038284	6567985334
6571985315	210138286	6571985383
6575985112	210238284	6575985334
6579985112	210338281	6579985180
6583985112	210438282	6583985253
6587985112	210538281	6587985180
6591985112	210638281	6591985180
6595985112	210738284	6595985334
6599985112	210838281	6599985180
6603985112	210938281	6603985180
6607985112	211038284	6607985334
6611985315	211138289	6611985537
6615985112	211238281	6615985180
6619985112	211338284	6619985334
6623985112	211438281	6623985180
6627985112	211538284	6627985334
6631985112	211638281	6631985180
6635985112	211738278	6635985253
6639985112	211838277	6639985180
6643985112	211938285	6643985334
6647985112	212038282	6647985180
6651985315	212138289	6651985537
6655985112	212238281	6655985180
6659985112	212338284	6659985334
6663985112	212438281	6663985180
6667985112	212538285	6667985334
6671985112	212638282	6671985180
6675985112	212738282	6675985180
6679985193	212838286	6679985415
6683985219	212938285	6683985361
6687985112	213038281	6687985180
6691985152	213138285	6691985374
6695985112	213238281	6695985180
6699985112	213338284	6699985334
6703985112	213438281	6703985180
6707985112	213538284	6707985334
6711985112	213638281	6711985180
6715985112	213738284	6715985334
6719985112	213838281	6719985180
6723985112	213938284	6723985334
6727985112	214038281	6727985180
6731985219	214138286	6731985361
6735985112	214238282	6735985180
6739985112	214338284	6739985334
6743985112	214438281	6743985180
6747985112	214538284	6747985334
6751985112	214638281	6751985180
6755985112	214738281	6755985180
6759985112	214838284	6759985334
6763985112	214938281	6763985180
6767985112	215038284	6767985334
6771985152	215138282	6771985220
6775985112	215238284	6775985334
6779985112	215338281	6779985180
6783985112	215438281	6783985180
6787985219	215538285	6787985361
6791985112	215638284	6791985334
6795985112	215738281	6795985180
6799985112	215838284	6799985334
6803985112	215938281	6803985180
6807985112	216038284	6807985334
6811985152	216138282	6811985220
6815985112	216238284	6815985334
6819985112	216338281	6819985180
6823985112	216438284	6823985334
6827985112	216538281	6827985180
6831985112	216638285	6831985334
6835985112	216738282	6835985180
6839985219	216838285	6839985361
6843985112	216938281	6843985180
6847985112	217038284	6847985334
6851985152	217138282	6851985220
6855985112	217238285	6855985334
6859985112	217338282	6859985180
6863985112	217438284	6863985334
6867985112	217538281	6867985180
6871985112	217638284	6871985334
6875985112	217738281	6875985180
6879985112	217838284	6879985334
6883985112	217938281	6883985180
6887985112	218038281	6887985180
6891985219	218138285	6891985361
6895985112	218238284	6895985334
6899985112	218338281	6899985180
6903985112	218438285	6903985334
6907985112	218538282	6907985180
6911985112	218638285	6911985334
6915985112	218738282	6915985180
6919985112	218838284	6919985334
6923985112	218938281	6923985180
6927985112	219038284	6927985334
6931985152	219138282	6931985220
6935985356	219238290	6935985578
6939985234	219338287	6939985488
6943985112	219438281	6943985180
6947985138	219538285	6947985360
6951985112	219638281	6951985180
6955985112	219738284	6955985334
6959985112	219838281	6959985180
6963985112	219938284	6963985334
6967985112	220038281	6967985180
6971985193	220138286	6971985415
6975985112	220238281	6975985180
6979985112	220338284	6979985334
6983985112	220438281	6983985180
6987985112	220538281	6987985180
6991985112	220638281	6991985180
6995985193	220738284	6995985366
6999985112	220838281	6999985180
7003985138	220938285	7003985360
7007985112	221038281	7007985180
7011985112	221138284	7011985334
7015985112	221238281	7015985180
7019985112	221338284	7019985334
7023985112	221438281	7023985180
7027985112	221538281	7027985180
7031985112	221638284	7031985334
7035985112	221738284	7035985334
7039985112	221838281	7039985180
7043985234	221938285	7043985407
7047985112	222038281	7047985180
7051985138	222138285	7051985360
7055985112	222238281	7055985180
7059985112	222338284	7059985334
7063985112	222438281	7063985180
7067985112	222538284	7067985334
7071985112	222638281	7071985180
7075985112	222738284	7075985334
7079985112	222838281	7079985180
7083985112	222938284	7083985334
7087985112	223038281	7087985180
7091985193	223138284	7091985366
7095985112	223238281	7095985180
7099985138	223338285	7099985360
7103985112	223438281	7103985180
7107985112	223538281	7107985180
7111985112	223638284	7111985334
7115985112	223738281	7115985180
7119985112	223838284	7119985334
7123985112	223938281	7123985180
7127985112	224038285	7127985334
7131985112	224138282	7131985180
7135985112	224238284	7135985334
7139985112	224338281	7139985180
7143985234	224438285	7143985407
7147985112	224538281	7147985180
7151985138	224638285	7151985360
7155985112	224738281	7155985180
7159985112	224838284	7159985334
7163985112	224938281	7163985180
7167985112	225038284	7167985334
7171985112	225138281	7171985180
7175985112	225238284	7175985334
7179985112	225338281	7179985180
7183985112	225438284	7183985334
7187985112	225538281	7187985180
7191985193	225638284	7191985366
7195985112	225738281	7195985180
7199985138	225838285	7199985360
7203985112	225938281	7203985180
7207985112	226038284	7207985334
7211985112	226138281	7211985180
7215985112	226238284	7215985334
7219985112	226338281	7219985180
7223985112	226438284	7223985334
7227985112	226538281	7227985180
7231985112	226638285	7231985334
7235985112	226738282	7235985180
7239985234	226838286	7239985407
7243985112	226938282	7243985180
7247985138	227038285	7247985360
7251985112	227138281	7251985180
7255985112	227238284	7255985334
7259985112	227338281	7259985180
7263985112	227438284	7263985334
7267985112	227538281	7267985180
7271985112	227638281	7271985180
7275985112	227738284	7275985334
7279985112	227838281	7279985180
7283985112	227938284	7283985334
7287985112	228038281	7287985180
7291985193	228138284	7291985366
7295985112	228238281	7295985180
7299985138	228338285	7299985360
7303985112	228438281	7303985180
7307985112	228538285	7307985334
7311985112	228638282	7311985180
7315985112	228738285	7315985334
7319985112	228838282	7319985180
7323985112	228938284	7323985334
7327985112	229038281	7327985180
7331985112	229138284	7331985334
7335985112	229238281	7335985180
7339985234	229338286	7339985407
7343985112	229438282	7343985180
7347985138	229538286	7347985360
7351985112	229638282	7351985180
7355985112	229738284	7355985334
7359985112	229838281	7359985180
7363985112	229938284	7363985334
7367985112	230038281	7367985180
7371985112	230138284	7371985334
7375985112	230238281	7375985180
7379985112	230338284	7379985334
7383985112	230438281	7383985180
7387985193	230538284	7387985366
7391985112	230638281	7391985180
7395985138	230738285	7395985360
7399985112	230838281	7399985180
7403985112	230938284	7403985334
7407985112	231038281	7407985180
7411985112	231138284	7411985334
7415985112	231238281	7415985180
7419985112	231338284	7419985334
7423985112	231438281	7423985180
7427985112	231538284	7427985334
7431985112	231638281	7431985180
7435985234	231738285	7435985407
7439985112	231838281	7439985180
7443985138	231938285	7443985360
7447985112	232038281	7447985180
7451985112	232138284	7451985334
7455985112	232238282	7455985180
7459985112	232338282	7459985180
7463985112	232438284	7463985334
7467985112	232538281	7467985180
7471985112	232638281	7471985180
7475985112	232738281	7475985180
7479985112	232838285	7479985334
7483985112	232938282	7483985180
7487985315	233038289	7487985568
7491985193	233138283	7491985261
7495985112	233238284	7495985334
7499985112	233338281	7499985180
7503985112	233438285	7503985334
7507985112	233538282	7507985180
7511985112	233638284	7511985334
7515985112	233738281	7515985180
7519985112	233838284	7519985334
7523985112	233938281	7523985180
7527985112	234038285	7527985334
7531985112	234138282	7531985180
7535985219	234238285	7535985392
7539985112	234338281	7539985180
7543985112	234438284	7543985334
7547985112	234538281	7547985180
7551985112	234638284	7551985334
7555985112	234738281	7555985180
7559985112	234838284	7559985334
7563985112	234938281	7563985180
7567985112	235038284	7567985334
7571985112	235138281	7571985180
7575985112	235238284	7575985334
7579985112	235338281	7579985180
7583985315	235438287	7583985487
7587985112	235538281	7587985180
7591985112	235638284	7591985334
7595985112	235738281	7595985180
7599985112	235838284	7599985334
7603985112	235938281	7603985180
7607985112	236038284	7607985334
7611985112	236138281	7611985180
7615985112	236238284	7615985334
7619985112	236338281	7619985180
7623985112	236438281	7623985180
7627985112	236538284	7627985334
7631985112	236638281	7631985180
7635985219	236738287	7635985473
7639985112	236838281	7639985180
7643985112	236938284	7643985334
7647985112	237038281	7647985180
7651985112	237138284	7651985334
7655985112	237238281	7655985180
7659985112	237338284	7659985334
7663985112	237438281	7663985180
7667985112	237538280	7667985334
7671985112	237638277	7671985180
7675985112	237738284	7675985334
7679985112	237838281	7679985180
7683985315	237938287	7683985487
7687985112	238038281	7687985180
7691985112	238138284	7691985334
7695985112	238238281	7695985180
7699985112	238338284	7699985334
7703985112	238438281	7703985180
7707985112	238538284	7707985334
7711985112	238638281	7711985180
7715985112	238738284	7715985334
7719985112	238838281	7719985180
7723985112	238938284	7723985334
7727985112	239038281	7727985180
7731985219	239138285	7731985392
7735985112	239238281	7735985180
7739985112	239338285	7739985334
7743985112	239438282	7743985180
7747985112	239538284	7747985334
7751985112	239638281	7751985180
7755985112	239738284	7755985334
7759985112	239838281	7759985180
7763985112	239938284	7763985334
7767985112	240038281	7767985180
7771985112	240138284	7771985334
7775985112	240238281	7775985180
7779985315	240338287	7779985487
7783985112	240438281	7783985180
7787985112	240538281	7787985180
7791985112	240638284	7791985334
7795985112	240738281	7795985180
7799985112	240838284	7799985334
7803985112	240938281	7803985180
7807985112	241038284	7807985334
7811985112	241138281	7811985180
7815985112	241238284	7815985334
7819985112	241338281	7819985180
7823985112	241438284	7823985334
7827985112	241538281	7827985180
7831985219	241638285	7831985392
7835985112	241738281	7835985180
7839985112	241838284	7839985334
7843985112	241938281	7843985180
7847985112	242038284	7847985334
7851985112	242138281	7851985180
7855985112	242238284	7855985334
7859985112	242338280	7859985180
7863985112	242438284	7863985334
7867985112	242538281	7867985180
7871985112	242638281	7871985180
7875985112	242738281	7875985180
7879985315	242838287	7879985487
7883985112	242938281	7883985180
7887985112	243038284	7887985334
7891985112	243138281	7891985180
7895985397	243238291	7895985650
7899985112	243338281	7899985180
7903985112	243438283	7903985334
7907985112	243538280	7907985180
7911985112	243638283	7911985334
7915985112	243738280	7915985180
7919985112	243838283	7919985334
7923985112	243938280	7923985180
7927985112	244038281	7927985284
7931985112	244138280	7931985180
7935985219	244238287	7935985441
7939985112	244338281	7939985180
7943985112	244438283	7943985334
7947985112	244538280	7947985180
7951985112	244638283	7951985334
7955985112	244738280	7955985180
7959985112	244838280	7959985180
7963985112	244938283	7963985334
7967985112	245038280	7967985180
7971985112	245138284	7971985334
7975985112	245238281	7975985180
7979985152	245338282	7979985325
7983985112	245438280	7983985180
7987985112	245538283	7987985334
7991985112	245638280	7991985180
7995985112	245738283	7995985334
7999985112	245838280	7999985180
8003985112	245938283	8003985334
8007985112	246038280	8007985180
8011985112	246138283	8011985334
8015985112	246238280	8015985180
8019985219	246338286	8019985441
8023985112	246438280	8023985180
8027985112	246538282	8027985284
8031985112	246638281	8031985180
8035985112	246738283	8035985334
8039985112	246838280	8039985180
8043985112	246938283	8043985334
8047985112	247038280	8047985180
8051985219	247138286	8051985441
8055985112	247238280	8055985180
8059985112	247338283	8059985334
8063985112	247438280	8063985180
8067985112	247538280	8067985180
8071985112	247638283	8071985334
8075985152	247738282	8075985325
8079985112	247838280	8079985180
8083985112	247938283	8083985334
8087985112	248038280	8087985180
8091985219	248138286	8091985441
8095985112	248238280	8095985180
8099985112	248338283	8099985334
8103985112	248438280	8103985180
8107985112	248538283	8107985334
8111985112	248638280	8111985180
8115985112	248738283	8115985334
8119985112	248838280	8119985180
8123985156	248938284	8123985378
8127985112	249038281	8127985284
8131985219	249138286	8131985441
8135985112	249238280	8135985180
8139985112	249338280	8139985180
8143985112	249438284	8143985334
8147985112	249538281	8147985180
8151985112	249638280	8151985180
8155985112	249738280	8155985180
8159985112	249838283	8159985334
8163985112	249938280	8163985180
8167985112	250038280	8167985180
8171985112	250138281	8171985253
8175985152	250238282	8175985325
8179985112	250338280	8179985180
8183985112	250438283	8183985334
8187985112	250538280	8187985180
8191985112	250638283	8191985334
8195985112	250738280	8195985180
8199985112	250838283	8199985334
8203985112	250938280	8203985180
8207985112	251038283	8207985334
8211985193	251138282	8211985261
8215985138	251238284	8215985360
8219985112	251338280	8219985180
8223985112	251438281	8223985284
8227985112	251538280	8227985180
8231985112	251638283	8231985334
8235985112	251738280	8235985180
8239985112	251838283	8239985334
8243985112	251938280	8243985180
8247985112	252038283	8247985334
8251985193	252138282	8251985261
8255985138	252238284	8255985360
8259985112	252338280	8259985180
8263985112	252438283	8263985334
8267985112	252538280	8267985180
8271985152	252638282	8271985325
8275985112	252738280	8275985180
8279985112	252838283	8279985334
8283985112	252938280	8283985180
8287985112	253038283	8287985334
8291985193	253138282	8291985261
8295985138	253238284	8295985360
8299985112	253338280	8299985180
8303985112	253438283	8303985334
8307985193	253538283	8307985365
8311985112	253638280	8311985180
8315985112	253738283	8315985334
8319985112	253838280	8319985180
8323985193	253938283	8323985366
8327985112	254038280	8327985180
8331985233	254138286	8331985455
8335985112	254238280	8335985180
8339985112	254338283	8339985334
8343985112	254438280	8343985180
8347985112	254538283	8347985334
8351985112	254638280	8351985180
8355985112	254738283	8355985334
8359985112	254838280	8359985180
8363985112	254938283	8363985334
8367985112	255038280	8367985180
8371985193	255138283	8371985366
8375985112	255238280	8375985180
8379985112	255338283	8379985334
8383985112	255438280	8383985180
8387985112	255538283	8387985334
8391985112	255638280	8391985180
8395985112	255738283	8395985334
8399985112	255838280	8399985180
8403985112	255938283	8403985334
8407985112	256038280	8407985180
8411985233	256138286	8411985455
8415985112	256238280	8415985180
8419985193	256338283	8419985366
8423985112	256438280	8423985180
8427985112	256538283	8427985334
8431985112	256638280	8431985180
8435985112	256738283	8435985334
8439985112	256838280	8439985180
8443985112	256938283	8443985334
8447985112	257038280	8447985180
8451985233	257138286	8451985455
8455985112	257238280	8455985180
8459985112	257338283	8459985334
8463985112	257438280	8463985180
8467985112	257538280	8467985180
8471985193	257638283	8471985366
8475985112	257738280	8475985180
8479985112	257838283	8479985334
8483985112	257938280	8483985180
8487985112	258038283	8487985334
8491985233	258138283	8491985301
8495985112	258238283	8495985334
8499985112	258338280	8499985180
8503985112	258438283	8503985334
8507985112	258538280	8507985180
8511985112	258638283	8511985334
8515985112	258738280	8515985180
8519985193	258838284	8519985366
8523985112	258938281	8523985180
8527985112	259038283	8527985334
8531985233	259138283	8531985301
8535985112	259238283	8535985334
8539985112	259338280	8539985180
8543985112	259438283	8543985334
8547985112	259538280	8547985180
8551985112	259638283	8551985334
8555985112	259738280	8555985180
8559985112	259838283	8559985334
8563985112	259938280	8563985180
8567985193	260038283	8567985366
8571985152	260138281	8571985220
8575985112	260238283	8575985334
8579985112	260338280	8579985180
8583985112	260438283	8583985334
8587985112	260538280	8587985180
8591985112	260638283	8591985334
8595985112	260738280	8595985180
8599985112	260838283	8599985334
8603985112	260938280	8603985180
8607985112	261038283	8607985334
8611985138	261138280	8611985206
8615985193	261238283	8615985366
8619985112	261338280	8619985180
8623985112	261438283	8623985334
8627985112	261538280	8627985180
8631985112	261638283	8631985334
8635985112	261738280	8635985180
8639985112	261838280	8639985180
8643985112	261938284	8643985334
8647985112	262038281	8647985180
8651985233	262138286	8651985455
8655985112	262238280	8655985180
8659985112	262338283	8659985334
8663985112	262438280	8663985180
8667985193	262538283	8667985366
8671985112	262638280	8671985180
8675985112	262738283	8675985334
8679985112	262838280	8679985180
8683985112	262938284	8683985334
8687985112	263038281	8687985180
8691985233	263138286	8691985455
8695985112	263238280	8695985180
8699985112	263338283	8699985334
8703985112	263438280	8703985180
8707985112	263538283	8707985334
8711985112	263638280	8711985180
8715985316	263738286	8715985488
8719985112	263838280	8719985180
8723985138	263938284	8723985360
8727985112	264038280	8727985180
8731985112	264138281	8731985253
8735985112	264238280	8735985180
8739985112	264338283	8739985334
8743985112	264438280	8743985180
8747985112	264538281	8747985253
8751985112	264638280	8751985180
8755985112	264738283	8755985334
8759985112	264838280	8759985180
8763985193	264938283	8763985366
8767985112	265038281	8767985229
8771985138	265138282	8771985279
8775985112	265238281	8775985229
8779985112	265338281	8779985253
8783985112	265438281	8783985229
8787985112	265538281	8787985253
8791985112	265638281	8791985229
8795985112	265738280	8795985180
8799985112	265838281	8799985253
8803985112	265938279	8803985334
8807985112	266038276	8807985180
8811985112	266138277	8811985253
8815985234	266238284	8815985407
8819985112	266338280	8819985180
8823985138	266438284	8823985360
8827985112	266538280	8827985180
8831985112	266638283	8831985334
8835985112	266738280	8835985180
8839985112	266838283	8839985334
8843985112	266938280	8843985180
8847985112	267038283	8847985334
8851985112	267138280	8851985180
8855985112	267238283	8855985334
8859985112	267338280	8859985180
8863985193	267438283	8863985366
8867985112	267538280	8867985180
8871985138	267638284	8871985360
8875985112	267738280	8875985180
8879985112	267838284	8879985334
8883985112	267938281	8883985180
8887985112	268038283	8887985334
8891985112	268138280	8891985180
8895985112	268238283	8895985334
8899985112	268338280	8899985180
8903985112	268438283	8903985334
8907985112	268538280	8907985180
8911985234	268638284	8911985407
8915985112	268738280	8915985180
8919985138	268838284	8919985360
8923985112	268938280	8923985180
8927985112	269038283	8927985334
8931985112	269138280	8931985180
8935985112	269238283	8935985334
8939985112	269338280	8939985180
8943985112	269438283	8943985334
8947985112	269538280	8947985180
8951985112	269638283	8951985334
8955985112	269738280	8955985180
8959985193	269838283	8959985366
8963985112	269938280	8963985180
8967985138	270038284	8967985360
8971985112	270138280	8971985180
8975985112	270238283	8975985334
8979985112	270338280	8979985180
8983985112	270438280	8983985180
8987985112	270538283	8987985334
8991985112	270638280	8991985180
8995985112	270738283	8995985334
8999985112	270838280	8999985180
9003985112	270938283	9003985334
9007985112	271038280	9007985180
9011985234	271138284	9011985407
9015985112	271238280	9015985180
9019985138	271338275	9019985360
9023985112	271438271	9023985180
9027985112	271538283	9027985334
9031985112	271638280	9031985180
9035985112	271738283	9035985334
9039985112	271838280	9039985180
9043985112	271938186	9043985334
9047985112	272038183	9047985180
9051985112	272138283	9051985334
9055985112	272238280	9055985180
9059985193	272338283	9059985366
9063985112	272438280	9063985180
9067985138	272538284	9067985360
9071985112	272638280	9071985180
9075985112	272738283	9075985334
9079985112	272838280	9079985180
9083985112	272938283	9083985334
9087985112	273038280	9087985180
9091985112	273138283	9091985334
9095985112	273238280	9095985180
9099985112	273338283	9099985334
9103985112	273438280	9103985180
9107985234	273538284	9107985407
9111985112	273638280	9111985180
9115985138	273738284	9115985360
9119985112	273838280	9119985180
9123985193	273938285	9123985447
9127985112	274038280	9127985180
9131985315	274138288	9131985537
9135985112	274238280	9135985180
9139985112	274338279	9139985334
9143985112	274438276	9143985180
9147985236	274538284	9147985408
9151985112	274638281	9151985229
9155985138	274738282	9155985279
9159985112	274838281	9159985229
9163985112	274938280	9163985180
9167985112	275038281	9167985253
9171985234	275138284	9171985352
9175985112	275238281	9175985253
9179985112	275338281	9179985229
9183985112	275438281	9183985253
9187985112	275538281	9187985229
9191985112	275638281	9191985253
9195985112	275738281	9195985229
9199985112	275838281	9199985284
9203985112	275938280	9203985180
9207985138	276038284	9207985360
9211985234	276138283	9211985302
9215985112	276238283	9215985334
9219985112	276338280	9219985180
9223985275	276438285	9223985447
9227985112	276538281	9227985229
9231985193	276638283	9231985334
9235985112	276738281	9235985229
9239985112	276838281	9239985253
9243985112	276938281	9243985229
9247985112	277038281	9247985253
9251985152	277138282	9251985270
9255985112	277238281	9255985253
9259985112	277338281	9259985229
9263985112	277438281	9263985253
9267985112	277538281	9267985229
9271985219	277638286	9271985473
9275985112	277738280	9275985180
9279985112	277838283	9279985334
9283985112	277938280	9283985180
9287985112	278038283	9287985334
9291985112	278138280	9291985180
9295985112	278238283	9295985334
9299985112	278338280	9299985180
9303985112	278438283	9303985334
9307985112	278538280	9307985180
9311985112	278638282	9311985334
9315985112	278738279	9315985180
9319985192	278838284	9319985414
9323985219	278938283	9323985392
9327985112	279038279	9327985180
9331985152	279138283	9331985374
9335985356	279238288	9335985610
9339985315	279338288	9339985568
9343985112	279438280	9343985180
9347985112	279538282	9347985334
9351985112	279638279	9351985180
9355985112	279738282	9355985334
9359985112	279838279	9359985180
9363985112	279938282	9363985334
9367985112	280038279	9367985180
9371985112	280138282	9371985334
9375985112	280238279	9375985180
9379985112	280338283	9379985334
9383985112	280438280	9383985180
9387985219	280538283	9387985392
9391985112	280638279	9391985180
9395985112	280738282	9395985334
9399985112	280838279	9399985180
9403985193	280938284	9403985415
9407985112	281038279	9407985180
9411985112	281138282	9411985334
9415985112	281238279	9415985180
9419985112	281338282	9419985334
9423985112	281438279	9423985180
9427985112	281538282	9427985334
9431985112	281638279	9431985180
9435985315	281738285	9435985487
9439985112	281838279	9439985180
9443985112	281938282	9443985334
9447985112	282038279	9447985180
9451985112	282138282	9451985334
9455985112	282238279	9455985180
9459985112	282338282	9459985334
9463985112	282438279	9463985180
9467985112	282538282	9467985334
9471985112	282638279	9471985180
9475985112	282738282	9475985334
9479985112	282838279	9479985180
9483985219	282938283	9483985392
9487985112	283038279	9487985180
9491985112	283138282	9491985334
9495985112	283238280	9495985180
9499985112	283338283	9499985334
9503985112	283438274	9503985180
9507985112	283538274	9507985180
9511985112	283638282	9511985334
9515985112	283738279	9515985180
9519985112	283838279	9519985180
9523985112	283938279	9523985180
9527985112	284038282	9527985334
9531985112	284138279	9531985180
9535985315	284238285	9535985487
9539985112	284338279	9539985180
9543985112	284438282	9543985334
9547985112	284538279	9547985180
9551985112	284638282	9551985334
9555985112	284738279	9555985180
9559985112	284838282	9559985334
9563985112	284938279	9563985180
9567985112	285038282	9567985334
9571985112	285138279	9571985180
9575985112	285238282	9575985334
9579985112	285338279	9579985180
9583985219	285438283	9583985392
9587985112	285538279	9587985180
9591985112	285638282	9591985334
9595985112	285738279	9595985180
9599985112	285838282	9599985334
9603985112	285938279	9603985180
9607985112	286038282	9607985334
9611985112	286138279	9611985180
9615985112	286238282	9615985334
9619985112	286338279	9619985180
9623985112	286438282	9623985334
9627985112	286538279	9627985180
9631985315	286638285	9631985487
9635985112	286738279	9635985180
9639985112	286838282	9639985334
9643985112	286938279	9643985180
9647985112	287038282	9647985334
9651985112	287138279	9651985180
9655985112	287238282	9655985334
9659985112	287338279	9659985180
9663985112	287438279	9663985180
9667985112	287538282	9667985334
9671985112	287638279	9671985180
9675985112	287738282	9675985334
9679985112	287838279	9679985180
9683985219	287938284	9683985392
9687985112	288038280	9687985180
9691985112	288138282	9691985334
9695985112	288238279	9695985180
9699985112	288338282	9699985334
9703985112	288438279	9703985180
9707985112	288538282	9707985334
9711985112	288638279	9711985180
9715985112	288738282	9715985334
9719985112	288838279	9719985180
9723985112	288938282	9723985334
9727985112	289038279	9727985180
9731985315	289138285	9731985487
9735985112	289238279	9735985180
9739985112	289338282	9739985334
9743985112	289438279	9743985180
9747985112	289538282	9747985334
9751985112	289638279	9751985180
9755985112	289738282	9755985334
9759985112	289838279	9759985180
9763985112	289938282	9763985334
9767985112	290038279	9767985180
9771985112	290138282	9771985334
9775985112	290238279	9775985180
9779985219	290338283	9779985392
9783985112	290438279	9783985180
9787985112	290538282	9787985334
9791985112	290638279	9791985180
9795985112	290738282	9795985334
9799985112	290838279	9799985180
9803985112	290938282	9803985334
9807985112	291038279	9807985180
9811985112	291138282	9811985334
9815985112	291238279	9815985180
9819985112	291338282	9819985334
9823985112	291438279	9823985180
9827985315	291538285	9827985487
9831985112	291638279	9831985180
9835985112	291738279	9835985180
9839985112	291838282	9839985334
9843985112	291938279	9843985180
9847985112	292038282	9847985334
9851985112	292138279	9851985180
9855985112	292238282	9855985334
9859985112	292338279	9859985180
9863985112	292438282	9863985334
9867985112	292538279	9867985180
9871985112	292638279	9871985180
9875985112	292738282	9875985334
9879985219	292838283	9879985392
9883985112	292938279	9883985180
9887985112	293038282	9887985334
9891985112	293138279	9891985180
9895985112	293238282	9895985334
9899985112	293338279	9899985180
9903985112	293438282	9903985334
9907985112	293538279	9907985180
9911985112	293638282	9911985334
9915985112	293738279	9915985180
9919985112	293838282	9919985334
9923985112	293938279	9923985180
9927985315	294038285	9927985487
9931985112	294138279	9931985180
9935985234	294238285	9935985488
9939985112	294338279	9939985180
9943985112	294438282	9943985334
9947985112	294538279	9947985180
9951985112	294638282	9951985334
9955985112	294738279	9955985180
9959985112	294838282	9959985334
9963985112	294938279	9963985180
9967985112	295038282	9967985334
9971985138	295138279	9971985206
9975985275	295238284	9975985448
9979985112	295338279	9979985180
9983985112	295438282	9983985334
9987985112	295538279	9987985180
9991985112	295638282	9991985334
9995985112	295738279	9995985180
9999985112	295838282	9999985334
10003985112	295938279	10003985180
10007985112	296038279	10007985180
10011985138	296138283	10011985360
10015985112	296238279	10015985180
10019985112	296338282	10019985334
10023985112	296438279	10023985180
10027985234	296538283	10027985407
10031985112	296638279	10031985180
10035985112	296738279	10035985180
10039985112	296838282	10039985334
10043985112	296938282	10043985334
10047985112	297038279	10047985180
10051985138	297138283	10051985360
10055985112	297238279	10055985180
10059985112	297338278	10059985334
10063985112	297438275	10063985180
10067985112	297538282	10067985334
10071985112	297638279	10071985180
10075985193	297738282	10075985366
10079985112	297838279	10079985180
10083985112	297938282	10083985334
10087985112	298038279	10087985180
10091985138	298138279	10091985360
10095985112	298238275	10095985180
10099985112	298338282	10099985334
10103985112	298438279	10103985180
10107985112	298538283	10107985334
10111985112	298638280	10111985180
10115985112	298738282	10115985334
10119985112	298838279	10119985180
10123985234	298938283	10123985407
10127985112	299038279	10127985180
10131985138	299138284	10131985360
10135985112	299238280	10135985180
10139985112	299338280	10139985180
10143985112	299438282	10143985334
10147985112	299538282	10147985334
10151985112	299638279	10151985180
10155985112	299738282	10155985334
10159985112	299838279	10159985180
10163985112	299938282	10163985334
10167985112	300038279	10167985180
10171985193	300138283	10171985366
10175985112	300238280	10175985180
10179985112	300338281	10179985229
10183985112	300438281	10183985253
10187985112	300538280	10187985180
10191985112	300638283	10191985334
10195985112	300738280	10195985180
10199985112	300838281	10199985253
10203985112	300938280	10203985180
10207985112	301038282	10207985334
10211985138	301138279	10211985206
10215985112	301238282	10215985334
10219985112	301338279	10219985180
10223985112	301438279	10223985180
10227985234	301538283	10227985407
10231985112	301638282	10231985334
10235985112	301738279	10235985180
10239985112	301838279	10239985180
10243985112	301938282	10243985334
10247985112	302038279	10247985180
10251985138	302138283	10251985360
10255985112	302238283	10255985334
10259985112	302338280	10259985180
10263985112	302438282	10263985334
10267985112	302538279	10267985180
10271985112	302638279	10271985180
10275985112	302738282	10275985334
10279985193	302838283	10279985366
10283985112	302938280	10283985180
10287985112	303038282	10287985334
10291985138	303138279	10291985206
10295985112	303238283	10295985334
10299985112	303338280	10299985180
10303985112	303438282	10303985334
10307985112	303538279	10307985180
10311985112	303638282	10311985334
10315985112	303738279	10315985180
10319985112	303838279	10319985180
10323985112	303938282	10323985334
10327985234	304038283	10327985407
10331985138	304138279	10331985206
10335985112	304238282	10335985334
10339985112	304338279	10339985180
10343985112	304438279	10343985180
10347985234	304538285	10347985488
10351985112	304638279	10351985180
10355985112	304738279	10355985180
10359985112	304838282	10359985334
10363985112	304938282	10363985334
10367985112	305038279	10367985180
10371985138	305138283	10371985360
10375985112	305238279	10375985180
10379985112	305338279	10379985180
10383985275	305438284	10383985448
10387985112	305538282	10387985334
10391985112	305638279	10391985180
10395985112	305738282	10395985334
10399985112	305838279	10399985180
10403985112	305938282	10403985334
10407985112	306038279	10407985180
10411985138	306138283	10411985360
10415985112	306238279	10415985180
10419985112	306338282	10419985334
10423985112	306438279	10423985180
10427985112	306538282	10427985334
10431985112	306638279	10431985180
10435985234	306738283	10435985407
10439985112	306838279	10439985180
10443985112	306938282	10443985334
10447985112	307038279	10447985180
10451985138	307138283	10451985360
10455985112	307238279	10455985180
10459985112	307338279	10459985180
10463985112	307438279	10463985180
10467985112	307538282	10467985334
10471985112	307638279	10471985180
10475985112	307738283	10475985334
10479985112	307838280	10479985180
10483985193	307938282	10483985366
10487985112	308038279	10487985180
10491985138	308138283	10491985360
10495985112	308238279	10495985180
10499985112	308338283	10499985334
10503985112	308438280	10503985180
10507985112	308538282	10507985334
10511985112	308638279	10511985180
10515985112	308738279	10515985180
10519985112	308838282	10519985334
10523985112	308938279	10523985180
10527985112	309038282	10527985334
10531985112	309138279	10531985180
10535985234	309238283	10535985407
10539985112	309338279	10539985180
10543985112	309438282	10543985334
10547985112	309538279	10547985180
10551985112	309638282	10551985334
10555985112	309738279	10555985180
10559985112	309838282	10559985334
10563985112	309938279	10563985180
10567985112	310038282	10567985334
10571985138	310138279	10571985206
10575985112	310238282	10575985334
10579985112	310338279	10579985180
10583985193	310438282	10583985366
10587985112	310538279	10587985180
10591985112	310638282	10591985334
10595985112	310738279	10595985180
10599985112	310838282	10599985334
10603985112	310938279	10603985180
10607985112	311038282	10607985334
10611985138	311138279	10611985206
10615985112	311238282	10615985334
10619985112	311338279	10619985180
10623985112	311438282	10623985334
10627985112	311538279	10627985180
10631985234	311638282	10631985407
10635985112	311738278	10635985180
10639985112	311838282	10639985334
10643985112	311938279	10643985180
10647985112	312038282	10647985334
10651985138	312138279	10651985206
10655985112	312238282	10655985334
10659985112	312338279	10659985180
10663985112	312438282	10663985334
10667985112	312538279	10667985180
10671985112	312638279	10671985180
10675985112	312738282	10675985334
10679985193	312838281	10679985366
10683985112	312938278	10683985180
10687985112	313038278	10687985180
10691985138	313138283	10691985360
10695985112	313238279	10695985180
10699985112	313338283	10699985334
10703985112	313438280	10703985180
10707985112	313538282	10707985334
10711985112	313638279	10711985180
10715985112	313738282	10715985334
10719985112	313838279	10719985180
10723985112	313938281	10723985334
10727985112	314038278	10727985180
10731985315	314138285	10731985487
10735985112	314238279	10735985180
10739985112	314338281	10739985334
10743985112	314438278	10743985180
10747985112	314538282	10747985334
10751985112	314638279	10751985180
10755985112	314738281	10755985334
10759985112	314838278	10759985180
10763985112	314938281	10763985365
10767985112	315038278	10767985180
10771985397	315138288	10771985619
10775985112	315238278	10775985180
10779985112	315338279	10779985284
10783985112	315438278	10783985180
10787985112	315538281	10787985334
10791985112	315638278	10791985180
10795985112	315738281	10795985334
10799985112	315838278	10799985180
10803985112	315938278	10803985180
10807985112	316038281	10807985334
10811985219	316138284	10811985441
10815985112	316238278	10815985180
10819985112	316338281	10819985334
10823985112	316438278	10823985180
10827985112	316538279	10827985284
10831985112	316638278	10831985180
10835985112	316738281	10835985334
10839985112	316838278	10839985180
10843985112	316938281	10843985334
10847985112	317038278	10847985180
10851985315	317138286	10851985537
10855985112	317238278	10855985180
10859985112	317338278	10859985180
10863985112	317438278	10863985180
10867985112	317538281	10867985334
10871985112	317638281	10871985334
10875985112	317738278	10875985180
10879985112	317838279	10879985284
10883985112	317938278	10883985180
10887985112	318038281	10887985334
10891985138	318138278	10891985206
10895985193	318238279	10895985415
10899985112	318338274	10899985180
10903985112	318438275	10903985334
10907985112	318538272	10907985180
10911985112	318638282	10911985334
10915985112	318738279	10915985180
10919985112	318838282	10919985334
10923985112	318938279	10923985180
10927985112	319038279	10927985180
10931985112	319138282	10931985334
10935985112	319238282	10935985365
10939985112	319338279	10939985180
10943985112	319438281	10943985334
10947985112	319538278	10947985180
10951985112	319638281	10951985334
10955985112	319738278	10955985180
10959985112	319838281	10959985334
10963985112	319938278	10963985180
10967985112	320038278	10967985180
10971985315	320138286	10971985537
10975985112	320238281	10975985334
10979985112	320338278	10979985180
10983985112	320438280	10983985284
10987985112	320538279	10987985180
10991985112	320638279	10991985180
10995985112	320738281	10995985334
10999985112	320838282	10999985334
11003985112	320938279	11003985180
11007985112	321038281	11007985334
11011985219	321138280	11011985288
11015985112	321238281	11015985334
11019985112	321338278	11019985180
11023985112	321438281	11023985334
11027985112	321538278	11027985180
11031985112	321638278	11031985180
11035985112	321738279	11035985284
11039985112	321838278	11039985180
11043985112	321938281	11043985334
11047985112	322038278	11047985180
11051985315	322138286	11051985537
11055985112	322238278	11055985180
11059985112	322338282	11059985334
11063985112	322438279	11063985180
11067985112	322538281	11067985334
11071985112	322638278	11071985180
11075985112	322738281	11075985334
11079985112	322838278	11079985180
11083985112	322938280	11083985284
11087985112	323038279	11087985180
11091985219	323138284	11091985441
11095985112	323238278	11095985180
11099985112	323338281	11099985334
11103985112	323438278	11103985180
11107985112	323538281	11107985334
11111985112	323638278	11111985180
11115985112	323738282	11115985334
11119985112	323838279	11119985180
11123985112	323938282	11123985334
11127985112	324038279	11127985180
11131985112	324138280	11131985284
11135985112	324238279	11135985180
11139985112	324338281	11139985334
11143985112	324438278	11143985180
11147985112	324538281	11147985334
11151985112	324638278	11151985180
11155985112	324738282	11155985334
11159985112	324838279	11159985180
11163985112	324938282	11163985334
11167985112	325038279	11167985180
11171985397	325138288	11171985650
11175985112	325238278	11175985180
11179985112	325338279	11179985284
11183985112	325438278	11183985180
11187985112	325538282	11187985334
11191985112	325638279	11191985180
11195985112	325738281	11195985334
11199985112	325838278	11199985180
11203985112	325938278	11203985180
11207985112	326038282	11207985334
11211985219	326138281	11211985288
11215985112	326238282	11215985334
11219985112	326338279	11219985180
11223985112	326438282	11223985334
11227985112	326538279	11227985180
11231985152	326638280	11231985325
11235985112	326738278	11235985180
11239985112	326838281	11239985334
11243985112	326938278	11243985180
11247985112	327038281	11247985334
11251985219	327138280	11251985288
11255985112	327238282	11255985334
11259985112	327338279	11259985180
11263985112	327438281	11263985334
11267985112	327538278	11267985180
11271985112	327638281	11271985334
11275985112	327738278	11275985180
11279985112	327838280	11279985284
11283985112	327938279	11283985180
11287985112	328038281	11287985334
11291985219	328138280	11291985288
11295985112	328238281	11295985334
11299985112	328338278	11299985180
11303985112	328438281	11303985334
11307985112	328538278	11307985180
11311985112	328638282	11311985334
11315985112	328738279	11315985180
11319985112	328838281	11319985334
11323985112	328938278	11323985180
11327985152	329038280	11327985325
11331985219	329138280	11331985288
11335985112	329238277	11335985334
11339985112	329338274	11339985180
11343985112	329438282	11343985334
11347985112	329538279	11347985180
11351985112	329638281	11351985334
11355985112	329738278	11355985180
11359985112	329838281	11359985334
11363985112	329938278	11363985180
11367985112	330038278	11367985180
11371985112	330138281	11371985334
11375985112	330238278	11375985180
11379985112	330338279	11379985284
11383985112	330438278	11383985180
11387985112	330538281	11387985334
11391985112	330638278	11391985180
11395985112	330738281	11395985334
11399985112	330838278	11399985180
11403985112	330938281	11403985334
11407985112	331038278	11407985180
11411985219	331138284	11411985441
11415985112	331238278	11415985180
11419985112	331338281	11419985334
11423985112	331438278	11423985180
11427985152	331538280	11427985325
11431985112	331638278	11431985180
11435985112	331738281	11435985334
11439985112	331838278	11439985180
11443985112	331938282	11443985334
11447985112	332038279	11447985180
11451985219	332138284	11451985441
11455985112	332238278	11455985180
11459985112	332338281	11459985334
11463985112	332438278	11463985180
11467985112	332538281	11467985334
11471985112	332638278	11471985180
11475985112	332738279	11475985284
11479985112	332838278	11479985180
11483985112	332938281	11483985334
11487985112	333038278	11487985180
11491985219	333138284	11491985441
11495985112	333238278	11495985180
11499985112	333338281	11499985334
11503985112	333438278	11503985180
11507985112	333538281	11507985334
11511985112	333638278	11511985180
11515985112	333738281	11515985334
11519985112	333838278	11519985180
11523985152	333938280	11523985325
11527985112	334038278	11527985180
11531985219	334138284	11531985441
11535985112	334238278	11535985180
11539985112	334338278	11539985180
11543985112	334438281	11543985334
11547985112	334538278	11547985180
11551985112	334638281	11551985334
11555985112	334738278	11555985180
11559985112	334838281	11559985334
11563985112	334938278	11563985180
11567985112	335038281	11567985334
11571985112	335138278	11571985180
11575985112	335238279	11575985284
11579985112	335338278	11579985180
11583985356	335438287	11583985610
11587985112	335538278	11587985180
11591985112	335638281	11591985334
11595985112	335738278	11595985180
11599985112	335838281	11599985334
11603985112	335938278	11603985180
11607985112	336038281	11607985334
11611985152	336138279	11611985220
11615985112	336238281	11615985334
11619985112	336338278	11619985180
11623985219	336438282	11623985392
11627985112	336538278	11627985180
11631985112	336638281	11631985334
11635985112	336738278	11635985180
11639985112	336838281	11639985334
11643985112	336938278	11643985180
11647985112	337038281	11647985334
11651985112	337138278	11651985180
11655985112	337238281	11655985334
11659985112	337338278	11659985180
11663985112	337438281	11663985334
11667985112	337538278	11667985180
11671985219	337638282	11671985392
11675985112	337738278	11675985180
11679985112	337838281	11679985334
11683985112	337938278	11683985180
11687985112	338038281	11687985334
11691985152	338138279	11691985220
11695985112	338238281	11695985334
11699985112	338338278	11699985180
11703985112	338438281	11703985334
11707985112	338538278	11707985180
11711985112	338638278	11711985180
11715985112	338738281	11715985334
11719985112	338838278	11719985180
11723985219	338938282	11723985392
11727985112	339038278	11727985180
11731985112	339138281	11731985334
11735985356	339238287	11735985610
11739985315	339338286	11739985568
11743985112	339438278	11743985180
11747985112	339538280	11747985334
11751985112	339638277	11751985180
11755985112	339738280	11755985334
11759985112	339838277	11759985180
11763985112	339938280	11763985334
11767985112	340038277	11767985180
11771985112	340138280	11771985334
11775985112	340238277	11775985180
11779985112	340338280	11779985334
11783985112	340438277	11783985180
11787985356	340538285	11787985529
11791985112	340638278	11791985180
11795985112	340738280	11795985334
11799985112	340838277	11799985180
11803985112	340938276	11803985334
11807985112	341038273	11807985180
11811985112	341138280	11811985334
11815985112	341238277	11815985180
11819985112	341338280	11819985334
11823985112	341438277	11823985180
11827985112	341538276	11827985334
11831985112	341638273	11831985180
11835985315	341738279	11835985487
11839985112	341838273	11839985180
11843985112	341938280	11843985334
11847985112	342038277	11847985180
11851985112	342138280	11851985334
11855985112	342238277	11855985180
11859985112	342338280	11859985334
11863985112	342438277	11863985180
11867985112	342538280	11867985334
11871985112	342638277	11871985180
11875985112	342738277	11875985180
11879985112	342838280	11879985334
11883985112	342938277	11883985180
11887985219	343038282	11887985392
11891985112	343138278	11891985180
11895985112	343238280	11895985334
11899985112	343338277	11899985180
11903985112	343438280	11903985334
11907985112	343538277	11907985180
11911985112	343638276	11911985334
11915985112	343738273	11915985180
11919985112	343838280	11919985334
11923985112	343938277	11923985180
11927985112	344038280	11927985334
11931985112	344138277	11931985180
11935985315	344238283	11935985487
11939985112	344338277	11939985180
11943985112	344438280	11943985334
11947985112	344538277	11947985180
11951985112	344638280	11951985334
11955985112	344738277	11955985180
11959985112	344838280	11959985334
11963985112	344938277	11963985180
11967985112	345038280	11967985334
11971985112	345138277	11971985180
11975985112	345238280	11975985334
11979985112	345338277	11979985180
11983985219	345438281	11983985392
11987985112	345538277	11987985180
11991985112	345638280	11991985334
11995985112	345738277	11995985180
