164	805988732	412
3985497	806088357	3985565
7985497	806188357	7985565
11985497	806288357	11985565
15985497	806388356	15985719
19985497	806488353	19985565
23985497	806588353	23985565
27985497	806688346	27985565
31985497	806788347	31985638
35985497	806888346	35985565
39985497	806988342	39985638
43985497	807088341	43985565
47985497	807188341	47985565
51985497	807288339	51985719
55985497	807388336	55985565
59985497	807488336	59985565
63985497	807588334	63985719
67985497	807688331	67985565
71985497	807788331	71985565
75985497	807888328	75985719
79985497	807988325	79985565
83985497	808088325	83985565
87985497	808188322	87985719
91985497	808288319	91985565
95985497	808388319	95985565
99985497	808488314	99985638
103985538	808588314	103985606
107985497	808688313	107985565
111985661	808788316	111985883
115985497	808888308	115985565
119985497	808988308	119985565
123985497	809088308	123985719
127985497	809188305	127985565
131985497	809288305	131985565
135985497	809388303	135985719
139985497	809488300	139985565
143985497	809588300	143985565
147985497	809688298	147985719
151985497	809788295	151985565
155985497	809888295	155985565
159985550	809988295	159985772
163985605	810088293	163985673
167985538	810188291	167985606
171985500	810288290	171985592
175985497	810388287	175985719
179985497	810488284	179985565
183985497	810588284	183985565
187985660	810688287	187985914
191985620	810788282	191985688
195985497	810888279	195985565
199985497	810988276	199985719
203985497	811088273	203985565
207985497	811188273	207985565
211985497	811288271	211985719
215985497	811388268	215985565
219985497	811488268	219985565
223985497	811588267	223985719
227985497	811688264	227985565
231985497	811788264	231985565
235985497	811888260	235985719
239985497	811988257	239985565
243985497	812088257	243985565
247985605	812188257	247985778
251985497	812288253	251985565
255985497	812388253	255985565
259985497	812488250	259985719
263985497	812588247	263985565
267985497	812688247	267985565
271985497	812788245	271985719
275985497	812888242	275985565
279985497	812988242	279985565
283985497	813088240	283985719
287985497	813188237	287985565
291985497	813288237	291985565
295985497	813388235	295985719
299985497	813488232	299985565
303985497	813588232	303985565
307985605	813688230	307985778
311985538	813788227	311985606
315985497	813888226	315985565
319985497	813988223	319985719
323985497	814088220	323985565
327985497	814188220	327985565
331985497	814288218	331985719
335985497	814388215	335985565
339985497	814488215	339985565
343985497	814588215	343985565
347985497	814688215	347985719
351985497	814788212	351985565
355985497	814888212	355985565
359985497	814988208	359985719
363985497	815088205	363985565
367985497	815188205	367985565
371985605	815288204	371985778
375985497	815388200	375985565
379985497	815488200	379985565
383985497	815588198	383985719
387985497	815688195	387985565
391985497	815788195	391985565
395985497	815888193	395985719
399985497	815988190	399985565
403985497	816088190	403985565
407985497	816188187	407985719
411985497	816288184	411985565
415985497	816388184	415985565
419985497	816488182	419985719
423985497	816588179	423985565
427985497	816688179	427985565
431985605	816788176	431985778
435985497	816888172	435985565
439985497	816988172	439985565
443985497	817088172	443985719
447985497	817188169	447985565
451985497	817288169	451985565
455985497	817388166	455985719
459985497	817488163	459985565
463985497	817588163	463985565
467985497	817688159	467985719
471985538	817788157	471985606
475985497	817888156	475985565
479985497	817988157	479985719
483985497	818088154	483985565
487985497	818188154	487985565
491985605	818288153	491985778
495985497	818388149	495985565
499985497	818488149	499985565
503985497	818588150	503985615
507985497	818688144	507985638
511985497	818788143	511985565
515985497	818888143	515985565
519985497	818988141	519985719
523985497	819088138	523985565
527985497	819188138	527985565
531985497	819288135	531985719
535985497	819388132	535985565
539985497	819488132	539985565
543985497	819588131	543985719
547985497	819688128	547985565
551985497	819788128	551985565
555985605	819888126	555985778
559985497	819988122	559985565
563985497	820088122	563985565
567985619	820188124	567985873
571985497	820288117	571985565
575985497	820388117	575985565
579985497	820488115	579985719
583985497	820588112	583985565
587985497	820688112	587985565
591985605	820788111	591985827
595985497	820888105	595985565
599985497	820988105	599985565
603985497	821088104	603985719
607985497	821188101	607985565
611985497	821288101	611985565
615985497	821388097	615985670
619985497	821488096	619985565
623985497	821588096	623985565
627985497	821688094	627985719
631985605	821788094	631985673
635985497	821888091	635985565
639985497	821988089	639985719
643985497	822088086	643985565
647985497	822188086	647985565
651985497	822288083	651985719
655985497	822388080	655985565
659985497	822488080	659985565
663985497	822588077	663985719
667985497	822688074	667985565
671985497	822788074	671985565
675985497	822888077	675985719
679985538	822988074	679985791
683985497	823088070	683985565
687985497	823188070	687985565
691985497	823288068	691985719
695985497	823388065	695985565
699985497	823488065	699985565
703985497	823588063	703985719
707985497	823688060	707985565
711985605	823788063	711985673
715985497	823888058	715985719
719985497	823988055	719985565
723985497	824088055	723985565
727985497	824188051	727985719
731985497	824288048	731985565
735985497	824388048	735985565
739985497	824488045	739985670
743985497	824588044	743985565
747985497	824688044	747985565
751985605	824788050	751985827
755985497	824888044	755985565
759985497	824988044	759985565
763985497	825088036	763985719
767985497	825188033	767985565
771985497	825288033	771985565
775985497	825388030	775985719
779985497	825488027	779985565
783985497	825588027	783985565
787985497	825688027	787985719
791985497	825788024	791985565
795985497	825888024	795985565
799985538	825988023	799985710
803985497	826088021	803985565
807985497	826188021	807985565
811985497	826288016	811985719
815985497	826388013	815985565
819985497	826488013	819985565
823985497	826588010	823985719
827985497	826688007	827985565
831985605	826788010	831985673
835985497	826888005	835985719
839985497	826988002	839985565
843985497	827088002	843985565
847985497	827188002	847985565
851985497	827288000	851985719
855985497	827387997	855985565
859985497	827487997	859985565
863985497	827587993	863985670
867985497	827687992	867985565
871985605	827787995	871985673
875985497	827887989	875985719
879985497	827987986	879985565
883985497	828087986	883985565
887985497	828187984	887985719
891985497	828287981	891985565
895985497	828387981	895985565
899985497	828487979	899985719
903985497	828587976	903985565
907985497	828687976	907985565
911985497	828787973	911985719
915985497	828887970	915985565
919985497	828987970	919985565
923985538	829087968	923985710
927985497	829187966	927985565
931985497	829287966	931985565
935985497	829387963	935985719
939985497	829487960	939985565
943985497	829587960	943985565
947985497	829687958	947985719
951985605	829787958	951985673
955985497	829887955	955985565
959985497	829987953	959985719
963985497	830087950	963985565
967985497	830187950	967985565
971985497	830287948	971985719
975985497	830387945	975985565
979985497	830487945	979985565
983985782	830587949	983985955
987985497	830687941	987985615
991985497	830787940	991985565
995985497	830887937	995985719
999985497	830987934	999985565
1003985497	831087934	1003985565
1007985497	831187933	1007985719
1011985497	831287930	1011985565
1015985497	831387930	1015985565
1019985497	831487930	1019985565
1023985497	831587927	1023985719
1027985497	831687924	1027985565
1031985497	831787924	1031985565
1035985497	831887921	1035985719
1039985497	831987918	1039985565
1043985497	832087918	1043985565
1047985605	832187918	1047985778
1051985497	832287914	1051985565
1055985497	832387914	1055985565
1059985497	832487911	1059985719
1063985497	832587908	1063985565
1067985497	832687908	1067985565
1071985497	832787906	1071985719
1075985497	832887903	1075985565
1079985497	832987903	1079985565
1083985497	833087901	1083985719
1087985497	833187898	1087985565
1091985497	833287898	1091985565
1095985497	833387896	1095985719
1099985497	833487893	1099985565
1103985497	833587893	1103985565
1107985700	833687894	1107985873
1111985497	833787887	1111985565
1115985497	833887887	1115985565
1119985497	833987885	1119985719
1123985497	834087882	1123985565
1127985497	834187882	1127985565
1131985497	834287879	1131985719
1135985497	834387876	1135985565
1139985497	834487876	1139985565
1143985497	834587873	1143985719
1147985497	834687870	1147985565
1151985497	834787870	1151985565
1155985497	834887870	1155985719
1159985497	834987867	1159985565
1163985497	835087867	1163985565
1167985605	835187866	1167985778
1171985497	835287862	1171985565
1175985497	835387862	1175985565
1179985497	835487859	1179985719
1183985497	835587856	1183985565
1187985497	835687856	1187985565
1191985497	835787859	1191985719
1195985497	835887850	1195985565
1199985497	835987850	1199985565
1203985497	836087850	1203985565
1207985497	836187848	1207985719
1211985497	836287845	1211985565
1215985497	836387845	1215985565
1219985497	836487840	1219985565
1223985497	836587840	1223985565
1227985497	836687840	1227985565
1231985700	836787841	1231985873
1235985497	836887834	1235985565
1239985497	836987834	1239985565
1243985497	837087832	1243985719
1247985497	837187829	1247985565
1251985497	837287829	1251985565
1255985497	837387828	1255985719
1259985497	837487825	1259985565
1263985497	837587825	1263985565
1267985497	837687822	1267985719
1271985497	837787819	1271985565
1275985497	837887819	1275985565
1279985497	837987818	1279985719
1283985497	838087815	1283985565
1287985497	838187815	1287985565
1291985605	838287813	1291985778
1295985497	838387809	1295985565
1299985497	838487809	1299985565
1303985497	838587807	1303985719
1307985497	838687804	1307985565
1311985497	838787804	1311985565
1315985497	838887802	1315985719
1319985497	838987799	1319985565
1323985497	839087799	1323985565
1327985497	839187795	1327985719
1331985497	839287792	1331985565
1335985497	839387792	1335985565
1339985497	839487791	1339985719
1343985497	839587788	1343985565
1347985497	839687788	1347985565
1351985700	839787790	1351985873
1355985497	839887783	1355985565
1359985497	839987783	1359985565
1363985497	840087784	1363985615
1367985497	840187778	1367985638
1371985497	840287777	1371985565
1375985497	840387777	1375985565
1379985497	840487774	1379985719
1383985497	840587771	1383985565
1387985497	840687771	1387985565
1391985497	840787768	1391985638
1395985497	840887768	1395985615
1399985497	840987767	1399985565
1403985782	841087772	1403986036
1407985497	841187761	1407985565
1411985497	841287761	1411985565
1415985497	841387758	1415985670
1419985497	841487757	1419985565
1423985497	841587757	1423985565
1427985497	841687753	1427985719
1431985700	841787755	1431985768
1435985497	841887750	1435985565
1439985497	841987749	1439985719
1443985497	842087746	1443985565
1447985497	842187746	1447985565
1451985497	842287743	1451985719
1455985497	842387740	1455985565
1459985497	842487740	1459985565
1463985497	842587739	1463985719
1467985497	842687736	1467985565
1471985497	842787736	1471985565
1475985497	842887732	1475985670
1479985497	842987731	1479985565
1483985497	843087731	1483985565
1487985497	843187728	1487985719
1491985497	843287725	1491985565
1495985497	843387725	1495985565
1499985497	843487723	1499985719
1503985497	843587720	1503985565
1507985497	843687720	1507985565
1511985605	843787719	1511985827
1515985497	843887713	1515985565
1519985497	843987713	1519985565
1523985497	844087712	1523985719
1527985497	844187709	1527985565
1531985497	844287709	1531985565
1535985497	844387709	1535985565
1539985497	844487705	1539985670
1543985497	844587704	1543985565
1547985497	844687704	1547985565
1551985700	844787707	1551985922
1555985497	844887698	1555985565
1559985497	844987698	1559985565
1563985497	845087696	1563985719
1567985497	845187693	1567985565
1571985497	845287693	1571985565
1575985497	845387692	1575985719
1579985497	845487689	1579985565
1583985497	845587689	1583985565
1587985497	845687687	1587985719
1591985497	845787684	1591985565
1595985497	845887684	1595985565
1599985497	845987679	1599985670
1603985497	846087678	1603985565
1607985497	846187678	1607985565
1611985497	846287676	1611985719
1615985497	846387673	1615985565
1619985497	846487673	1619985565
1623985497	846587671	1623985719
1627985497	846687668	1627985565
1631985700	846787673	1631985768
1635985497	846887666	1635985719
1639985497	846987663	1639985565
1643985497	847087663	1643985565
1647985497	847187660	1647985719
1651985497	847287657	1651985565
1655985497	847387657	1655985565
1659985497	847487652	1659985670
1663985497	847587651	1663985565
1667985497	847687651	1667985565
1671985620	847787653	1671985842
1675985497	847887646	1675985565
1679985497	847987646	1679985565
1683985497	848087645	1683985719
1687985497	848187642	1687985565
1691985497	848287642	1691985565
1695985497	848387638	1695985719
1699985497	848487635	1699985565
1703985497	848587635	1703985565
1707985497	848687635	1707985565
1711985523	848787635	1711985745
1715985497	848887631	1715985565
1719985497	848987631	1719985565
1723985497	849087626	1723985670
1727985497	849187625	1727985565
1731985497	849287625	1731985565
1735985497	849387623	1735985719
1739985497	849487620	1739985565
1743985497	849587620	1743985565
1747985497	849687618	1747985719
1751985700	849787620	1751985768
1755985497	849887615	1755985565
1759985497	849987617	1759985719
1763985497	850087614	1763985565
1767985497	850187614	1767985565
1771985497	850287607	1771985719
1775985497	850387604	1775985565
1779985497	850487604	1779985565
1783985497	850587600	1783985670
1787985497	850687599	1787985565
1791985620	850787602	1791985688
1795985497	850887598	1795985719
1799985497	850987595	1799985565
1803985497	851087595	1803985565
1807985497	851187592	1807985719
1811985497	851287589	1811985565
1815985497	851387589	1815985565
1819985742	851487593	1819985995
1823985497	851587583	1823985565
1827985497	851687583	1827985565
1831985538	851787583	1831985760
1835985497	851887579	1835985565
1839985497	851987579	1839985565
1843985605	852087578	1843985778
1847985497	852187574	1847985565
1851985497	852287574	1851985565
1855985497	852387571	1855985719
1859985497	852487568	1859985565
1863985497	852587568	1863985565
1867985497	852687568	1867985565
1871985497	852787565	1871985719
1875985497	852887562	1875985565
1879985497	852987562	1879985565
1883985497	853087562	1883985719
1887985497	853187559	1887985565
1891985497	853287559	1891985565
1895985497	853387556	1895985719
1899985497	853487553	1899985565
1903985497	853587553	1903985565
1907985605	853687552	1907985778
1911985538	853787549	1911985606
1915985497	853887548	1915985565
1919985497	853987544	1919985719
1923985497	854087541	1923985565
1927985497	854187541	1927985565
1931985497	854287539	1931985719
1935985497	854387536	1935985565
1939985497	854487536	1939985565
1943985497	854587533	1943985719
1947985497	854687530	1947985565
1951985497	854787530	1951985565
1955985497	854887530	1955985719
1959985497	854987527	1959985565
1963985497	855087527	1963985565
1967985605	855187526	1967985778
1971985497	855287522	1971985565
1975985497	855387522	1975985565
1979985497	855487520	1979985719
1983985497	855587517	1983985565
1987985497	855687517	1987985565
1991985497	855787514	1991985719
1995985497	855887511	1995985565
1999985497	855987511	1999985565
2003985497	856087509	2003985719
2007985497	856187506	2007985565
2011985497	856287506	2011985565
2015985497	856387503	2015985719
2019985497	856487500	2019985565
2023985497	856587500	2023985565
2027985605	856687500	2027985778
2031985538	856787497	2031985606
2035985497	856887496	2035985565
2039985497	856987499	2039985719
2043985497	857087489	2043985565
2047985497	857187489	2047985565
2051985497	857287489	2051985565
2055985497	857387487	2055985719
2059985497	857487484	2059985565
2063985497	857587484	2063985565
2067985497	857687480	2067985565
2071985497	857787481	2071985638
2075985497	857887480	2075985565
2079985497	857987477	2079985719
2083985497	858087474	2083985565
2087985497	858187474	2087985565
2091985605	858287475	2091985858
2095985497	858387469	2095985565
2099985497	858487469	2099985565
2103985497	858587467	2103985719
2107985497	858687464	2107985565
2111985497	858787464	2111985565
2115985497	858887465	2115985719
2119985497	858987462	2119985565
2123985497	859087462	2123985565
2127985497	859187461	2127985719
2131985497	859287458	2131985565
2135985497	859387458	2135985565
2139985497	859487455	2139985719
2143985497	859587452	2143985565
2147985497	859687452	2147985565
2151985605	859787451	2151985778
2155985521	859887447	2155985589
2159985782	859987458	2159986036
2163985605	860087445	2163985778
2167985497	860187442	2167985615
2171985497	860287441	2171985565
2175985497	860387438	2175985638
2179985497	860487438	2179985615
2183985497	860587437	2183985565
2187985497	860687432	2187985638
2191985497	860787432	2191985615
2195985497	860887431	2195985565
2199985497	860987426	2199985638
2203985497	861087426	2203985615
2207985497	861187425	2207985565
2211985497	861287425	2211985565
2215985497	861387418	2215985638
2219985497	861487418	2219985615
2223985497	861587417	2223985565
2227985700	861687419	2227985873
2231985497	861787412	2231985565
2235985497	861887412	2235985565
2239985497	861987414	2239985719
2243985497	862087411	2243985565
2247985497	862187411	2247985565
2251985497	862287404	2251985719
2255985497	862387401	2255985565
2259985497	862487401	2259985565
2263985497	862587403	2263985719
2267985497	862687400	2267985565
2271985497	862787400	2271985565
2275985497	862887397	2275985719
2279985497	862987394	2279985565
2283985497	863087394	2283985565
2287985605	863187390	2287985778
2291985497	863287386	2291985565
2295985497	863387386	2295985565
2299985497	863487384	2299985719
2303985497	863587381	2303985565
2307985497	863687381	2307985565
2311985497	863787382	2311985719
2315985497	863887379	2315985565
2319985497	863987379	2319985565
2323985497	864087377	2323985719
2327985497	864187374	2327985565
2331985497	864287374	2331985565
2335985497	864387372	2335985719
2339985497	864487369	2339985565
2343985497	864587369	2343985565
2347985700	864687370	2347985873
2351985497	864787363	2351985565
2355985497	864887363	2355985565
2359985497	864987361	2359985719
2363985497	865087358	2363985565
2367985497	865187358	2367985565
2371985497	865287356	2371985719
2375985497	865387353	2375985565
2379985497	865487353	2379985565
2383985497	865587353	2383985565
2387985497	865687349	2387985719
2391985497	865787346	2391985565
2395985497	865887346	2395985565
2399985497	865987346	2399985719
2403985497	866087343	2403985565
2407985497	866187343	2407985565
2411985605	866287341	2411985778
2415985497	866387337	2415985565
2419985497	866487337	2419985565
2423985497	866587331	2423985719
2427985497	866687328	2427985565
2431985497	866787328	2431985565
2435985497	866887330	2435985719
2439985497	866987327	2439985565
2443985497	867087327	2443985565
2447985497	867187324	2447985719
2451985497	867287321	2451985565
2455985497	867387321	2455985565
2459985497	867487320	2459985719
2463985497	867587317	2463985565
2467985497	867687317	2467985565
2471985700	867787318	2471985873
2475985497	867887311	2475985565
2479985497	867987311	2479985565
2483985497	868087305	2483985719
2487985497	868187302	2487985565
2491985497	868287302	2491985565
2495985497	868387304	2495985719
2499985497	868487301	2499985565
2503985497	868587301	2503985565
2507985497	868687298	2507985719
2511985497	868787295	2511985565
2515985497	868887295	2515985565
2519985497	868987293	2519985719
2523985497	869087290	2523985565
2527985497	869187290	2527985565
2531985605	869287289	2531985778
2535985497	869387285	2535985565
2539985497	869487285	2539985565
2543985497	869587283	2543985719
2547985497	869687280	2547985565
2551985497	869787280	2551985565
2555985497	869887283	2555985719
2559985497	869987270	2559985565
2563985497	870087270	2563985565
2567985497	870187270	2567985565
2571985497	870287272	2571985719
2575985497	870387269	2575985565
2579985497	870487269	2579985565
2583985497	870587264	2583985565
2587985497	870687264	2587985565
2591985497	870787265	2591985638
2595985700	870887266	2595985873
2599985497	870987259	2599985565
2603985497	871087259	2603985565
2607985497	871187254	2607985719
2611985497	871287251	2611985565
2615985497	871387251	2615985565
2619985497	871487252	2619985719
2623985497	871587249	2623985565
2627985497	871687249	2627985565
2631985497	871787246	2631985719
2635985497	871887243	2635985565
2639985497	871987243	2639985565
2643985742	872087244	2643985995
2647985497	872187234	2647985565
2651985497	872287234	2651985565
2655985497	872387234	2655985670
2659985497	872487233	2659985565
2663985497	872587233	2663985565
2667985497	872687231	2667985719
2671985700	872787233	2671985768
2675985497	872887228	2675985565
2679985497	872987224	2679985719
2683985497	873087221	2683985565
2687985497	873187221	2687985565
2691985497	873287217	2691985719
2695985497	873387214	2695985565
2699985497	873487214	2699985565
2703985497	873587211	2703985719
2707985497	873687208	2707985565
2711985497	873787208	2711985565
2715985497	873887211	2715985719
2719985497	873987206	2719985751
2723985497	874087203	2723985565
2727985497	874187203	2727985565
2731985497	874287201	2731985719
2735985497	874387198	2735985565
2739985497	874487198	2739985565
2743985497	874587195	2743985719
2747985497	874687192	2747985565
2751985700	874787197	2751985768
2755985497	874887189	2755985719
2759985497	874987186	2759985565
2763985497	875087186	2763985565
2767985497	875187185	2767985719
2771985497	875287182	2771985565
2775985497	875387182	2775985565
2779985497	875487176	2779985670
2783985497	875587175	2783985565
2787985497	875687175	2787985565
2791985700	875787179	2791985922
2795985497	875887170	2795985565
2799985497	875987170	2799985565
2803985497	876087169	2803985719
2807985497	876187166	2807985565
2811985497	876287166	2811985565
2815985497	876387168	2815985719
2819985497	876487165	2819985565
2823985497	876587165	2823985565
2827985497	876687159	2827985719
2831985497	876787156	2831985565
2835985497	876887156	2835985565
2839985497	876987150	2839985670
2843985497	877087149	2843985565
2847985497	877187149	2847985565
2851985497	877287149	2851985719
2855985497	877387146	2855985565
2859985497	877487146	2859985565
2863985497	877587144	2863985719
2867985497	877687141	2867985565
2871985700	877787146	2871985768
2875985497	877887138	2875985719
2879985497	877987135	2879985565
2883985497	878087135	2883985565
2887985497	878187133	2887985719
2891985497	878287130	2891985565
2895985497	878387130	2895985565
2899985497	878487130	2899985565
2903985497	878587125	2903985670
2907985497	878687124	2907985565
2911985700	878787129	2911985768
2915985497	878887122	2915985719
2919985497	878987119	2919985565
2923985497	879087119	2923985565
2927985497	879187117	2927985719
2931985497	879287114	2931985565
2935985497	879387114	2935985565
2939985497	879487111	2939985719
2943985497	879587108	2943985565
2947985497	879687108	2947985565
2951985497	879787107	2951985719
2955985497	879887104	2955985565
2959985497	879987104	2959985565
2963985497	880087099	2963985670
2967985497	880187098	2967985565
2971985497	880287098	2971985565
2975985497	880387097	2975985719
2979985497	880487094	2979985565
2983985497	880587094	2983985565
2987985497	880687090	2987985719
2991985700	880787092	2991985768
2995985497	880887087	2995985565
2999985497	880987085	2999985719
3003985497	881087082	3003985565
3007985497	881187082	3007985565
3011985497	881287081	3011985719
3015985497	881387078	3015985565
3019985497	881487078	3019985565
3023985497	881587073	3023985670
3027985497	881687072	3027985565
3031985700	881787077	3031985768
3035985497	881887070	3035985719
3039985497	881987067	3039985565
3043985497	882087067	3043985565
3047985497	882187065	3047985719
3051985497	882287062	3051985565
3055985497	882387062	3055985565
3059985497	882487059	3059985751
3063985579	882587058	3063985647
3067985497	882687056	3067985565
3071985700	882787063	3071985841
3075985497	882887053	3075985719
3079985497	882987050	3079985565
3083985497	883087050	3083985565
3087985497	883187049	3087985751
3091985497	883287046	3091985565
3095985497	883387046	3095985565
3099985497	883487044	3099985719
3103985497	883587041	3103985565
3107985497	883687041	3107985565
3111985605	883787041	3111985827
3115985497	883887035	3115985565
3119985497	883987035	3119985565
3123985497	884087034	3123985719
3127985497	884187031	3127985565
3131985497	884287031	3131985565
3135985497	884387028	3135985719
3139985497	884487025	3139985565
3143985497	884587025	3143985565
3147985497	884687021	3147985670
3151985700	884787025	3151985768
3155985497	884887020	3155985565
3159985497	884987018	3159985719
3163985497	885087015	3163985565
3167985497	885187015	3167985565
3171985497	885287011	3171985719
3175985497	885387008	3175985565
3179985497	885487008	3179985565
3183985497	885587006	3183985719
3187985497	885687003	3187985565
3191985497	885787003	3191985565
3195985497	885887001	3195985719
3199985497	885986998	3199985565
3203985497	886086998	3203985565
3207985497	886186995	3207985670
3211985497	886286994	3211985565
3215985497	886386994	3215985565
3219985497	886486992	3219985719
3223985497	886586989	3223985565
3227985497	886686989	3227985565
3231985605	886786995	3231985827
3235985497	886886984	3235985565
3239985497	886986984	3239985565
3243985497	887086984	3243985565
3247985497	887186982	3247985719
3251985497	887286979	3251985565
3255985497	887386979	3255985565
3259985497	887486974	3259985565
3263985497	887586974	3263985565
3267985497	887686974	3267985565
3271985700	887786974	3271985873
3275985497	887886967	3275985565
3279985497	887986967	3279985565
3283985497	888086965	3283985719
3287985497	888186962	3287985565
3291985497	888286962	3291985565
3295985497	888386960	3295985719
3299985497	888486957	3299985565
3303985497	888586957	3303985565
3307985497	888686953	3307985719
3311985497	888786950	3311985565
3315985497	888886950	3315985565
3319985497	888986949	3319985719
3323985497	889086946	3323985565
3327985497	889186946	3327985565
3331985497	889286943	3331985670
3335985497	889386942	3335985565
3339985497	889486942	3339985565
3343985497	889586937	3343985719
3347985497	889686934	3347985565
3351985605	889786937	3351985673
3355985497	889886933	3355985719
3359985497	889986930	3359985565
3363985497	890086930	3363985565
3367985497	890186929	3367985719
3371985497	890286926	3371985565
3375985497	890386926	3375985565
3379985497	890486923	3379985719
3383985497	890586920	3383985565
3387985497	890686920	3387985565
3391985497	890786916	3391985670
3395985497	890886915	3395985565
3399985497	890986915	3399985565
3403985497	891086916	3403985615
3407985497	891186910	3407985638
3411985497	891286909	3411985565
3415985497	891386909	3415985565
3419985497	891486907	3419985719
3423985497	891586904	3423985565
3427985497	891686904	3427985565
3431985700	891786907	3431985841
3435985497	891886900	3435985565
3439985497	891986900	3439985565
3443985497	892086896	3443985719
3447985497	892186893	3447985565
3451985497	892286893	3451985565
3455985497	892386890	3455985670
3459985497	892486889	3459985565
3463985497	892586889	3463985565
3467985497	892686887	3467985719
3471985605	892786887	3471985673
3475985497	892886884	3475985565
3479985579	892986885	3479985832
3483985497	893086879	3483985565
3487985497	893186879	3487985565
3491985497	893286876	3491985719
3495985497	893386873	3495985565
3499985497	893486873	3499985565
3503985497	893586872	3503985719
3507985497	893686869	3507985565
3511985700	893786874	3511985768
3515985497	893886868	3515985670
3519985497	893986867	3519985565
3523985497	894086867	3523985565
3527985497	894186861	3527985719
3531985497	894286858	3531985565
3535985497	894386858	3535985565
3539985497	894486854	3539985719
3543985497	894586851	3543985565
3547985497	894686851	3547985565
3551985605	894786853	3551985827
3555985497	894886847	3555985565
3559985497	894986847	3559985565
3563985497	895086843	3563985719
3567985497	895186840	3567985565
3571985497	895286840	3571985565
3575985497	895386840	3575985565
3579985497	895486838	3579985670
3583985497	895586837	3583985565
3587985497	895686837	3587985565
3591985700	895786841	3591985922
3595985497	895886832	3595985565
3599985497	895986832	3599985565
3603985497	896086830	3603985719
3607985497	896186827	3607985565
3611985497	896286827	3611985565
3615985497	896386828	3615985719
3619985497	896486825	3619985565
3623985497	896586825	3623985565
3627985497	896686818	3627985719
3631985497	896786815	3631985565
3635985497	896886815	3635985565
3639985497	896986811	3639985670
3643985497	897086810	3643985565
3647985497	897186810	3647985565
3651985497	897286808	3651985719
3655985497	897386805	3655985565
3659985497	897486805	3659985565
3663985497	897586804	3663985719
3667985497	897686801	3667985565
3671985605	897786804	3671985673
3675985497	897886798	3675985719
3679985497	897986795	3679985565
3683985497	898086795	3683985565
3687985497	898186793	3687985719
3691985497	898286790	3691985565
3695985497	898386790	3695985565
3699985497	898486785	3699985670
3703985497	898586784	3703985565
3707985497	898686784	3707985565
3711985700	898786789	3711985922
3715985497	898886780	3715985565
3719985497	898986780	3719985565
3723985497	899086778	3723985719
3727985497	899186775	3727985565
3731985497	899286775	3731985565
3735985497	899386771	3735985719
3739985497	899486768	3739985565
3743985497	899586768	3743985565
3747985497	899686768	3747985565
3751985497	899786767	3751985719
3755985497	899886764	3755985565
3759985497	899986764	3759985565
3763985497	900086759	3763985670
3767985497	900186758	3767985565
3771985497	900286758	3771985565
3775985497	900386755	3775985719
3779985497	900486752	3779985565
3783985497	900586752	3783985565
3787985497	900686751	3787985719
3791985605	900786751	3791985673
3795985497	900886748	3795985565
3799985497	900986746	3799985719
3803985497	901086743	3803985565
3807985497	901186743	3807985565
3811985497	901286741	3811985719
3815985497	901386738	3815985565
3819985497	901486738	3819985565
3823985497	901586733	3823985670
3827985497	901686732	3827985565
3831985700	901786737	3831985768
3835985497	901886730	3835985719
3839985497	901986727	3839985565
3843985497	902086727	3843985565
3847985497	902186724	3847985719
3851985497	902286721	3851985565
3855985497	902386721	3855985565
3859985497	902486720	3859985719
3863985497	902586717	3863985565
3867985497	902686717	3867985565
3871985497	902786715	3871985719
3875985497	902886712	3875985565
3879985497	902986712	3879985565
3883985497	903086708	3883985670
3887985497	903186707	3887985565
3891985497	903286707	3891985565
3895985742	903386711	3895985995
3899985497	903486701	3899985565
3903985497	903586701	3903985565
3907985497	903686698	3907985719
3911985538	903786696	3911985606
3915985497	903886695	3915985565
3919985497	903986698	3919985719
3923985497	904086691	3923985565
3927985497	904186691	3927985565
3931985497	904286691	3931985565
3935985497	904386688	3935985719
3939985497	904486685	3939985565
3943985497	904586685	3943985565
3947985605	904686684	3947985778
3951985497	904786680	3951985565
3955985497	904886680	3955985565
3959985497	904986677	3959985719
3963985497	905086674	3963985565
3967985497	905186674	3967985565
3971985497	905286673	3971985719
3975985497	905386670	3975985565
3979985497	905486670	3979985565
3983985497	905586667	3983985719
3987985497	905686664	3987985565
3991985497	905786664	3991985565
3995985497	905886663	3995985719
3999985497	905986660	3999985565
4003985497	906086660	4003985565
4007985605	906186658	4007985778
4011985497	906286654	4011985565
4015985497	906386654	4015985565
4019985497	906486652	4019985719
4023985497	906586649	4023985565
4027985497	906686649	4027985565
4031985538	906786647	4031985760
4035985497	906886643	4035985565
4039985497	906986643	4039985565
4043985497	907086641	4043985719
4047985497	907186638	4047985565
4051985497	907286638	4051985565
4055985497	907386636	4055985719
4059985497	907486633	4059985565
4063985497	907586633	4063985565
4067985605	907686632	4067985778
4071985497	907786628	4071985565
4075985497	907886628	4075985565
4079985497	907986625	4079985719
4083985497	908086622	4083985565
4087985497	908186622	4087985565
4091985497	908286622	4091985565
4095985497	908386621	4095985719
4099985497	908486618	4099985565
4103985497	908586618	4103985565
4107985497	908686616	4107985719
4111985497	908786613	4111985565
4115985497	908886613	4115985565
4119985497	908986609	4119985719
4123985497	909086606	4123985565
4127985497	909186606	4127985565
4131985605	909286605	4131985778
4135985497	909386601	4135985565
4139985497	909486601	4139985565
4143985497	909586599	4143985719
4147985497	909686596	4147985565
4151985538	909786597	4151985606
4155985497	909886593	4155985719
4159985497	909986590	4159985565
4163985497	910086590	4163985565
4167985497	910186588	4167985719
4171985497	910286585	4171985565
4175985497	910386585	4175985565
4179985497	910486584	4179985719
4183985497	910586581	4183985565
4187985497	910686581	4187985565
4191985605	910786581	4191985778
4195985497	910886577	4195985565
4199985497	910986577	4199985565
4203985497	911086573	4203985719
4207985497	911186570	4207985565
4211985497	911286570	4211985565
4215985497	911386567	4215985719
4219985497	911486564	4219985565
4223985497	911586564	4223985565
4227985497	911686563	4227985719
4231985497	911786560	4231985565
4235985497	911886560	4235985565
4239985497	911986558	4239985719
4243985497	912086555	4243985565
4247985497	912186555	4247985565
4251985605	912286554	4251985778
4255985497	912386550	4255985565
4259985497	912486550	4259985565
4263985497	912586551	4263985615
4267985497	912686545	4267985638
4271985538	912786545	4271985606
4275985497	912886544	4275985565
4279985497	912986542	4279985719
4283985497	913086539	4283985565
4287985497	913186539	4287985565
4291985497	913286537	4291985719
4295985497	913386534	4295985565
4299985497	913486534	4299985565
4303985497	913586531	4303985719
4307985497	913686528	4307985565
4311985497	913786528	4311985565
4315985742	913886531	4315985914
4319985497	913986524	4319985615
4323985497	914086523	4323985565
4327985497	914186519	4327985638
4331985497	914286519	4331985615
4335985497	914386518	4335985565
4339985497	914486513	4339985638
4343985497	914586513	4343985615
4347985497	914686512	4347985565
4351985538	914786510	4351985679
4355985497	914886509	4355985615
4359985497	914986508	4359985565
4363985497	915086504	4363985638
4367985497	915186504	4367985615
4371985497	915286503	4371985565
4375985605	915386503	4375985858
4379985497	915486497	4379985565
4383985497	915586497	4383985565
4387985497	915686495	4387985719
4391985497	915786492	4391985565
4395985497	915886492	4395985565
4399985497	915986490	4399985719
4403985497	916086487	4403985565
4407985497	916186487	4407985565
4411985497	916286485	4411985719
4415985497	916386482	4415985565
4419985497	916486482	4419985565
4423985497	916586482	4423985565
4427985497	916686480	4427985719
4431985497	916786477	4431985565
4435985497	916886477	4435985565
4439985605	916986473	4439985778
4443985497	917086469	4443985565
4447985497	917186469	4447985565
4451985497	917286469	4451985719
4455985497	917386466	4455985565
4459985497	917486466	4459985565
4463985497	917586463	4463985719
4467985497	917686460	4467985565
4471985538	917786461	4471985606
4475985497	917886458	4475985719
4479985497	917986455	4479985565
4483985497	918086455	4483985565
4487985497	918186454	4487985719
4491985497	918286451	4491985565
4495985497	918386451	4495985565
4499985605	918486450	4499985778
4503985497	918586446	4503985565
4507985497	918686446	4507985565
4511985497	918786444	4511985719
4515985497	918886441	4515985565
4519985497	918986441	4519985565
4523985497	919086437	4523985719
4527985497	919186434	4527985565
4531985497	919286434	4531985565
4535985497	919386433	4535985719
4539985497	919486430	4539985565
4543985497	919586430	4543985565
4547985497	919686427	4547985719
4551985497	919786424	4551985565
4555985521	919886424	4555985589
4559985782	919986430	4559986004
4563985497	920086419	4563985565
4567985497	920186419	4567985565
4571985497	920286417	4571985719
4575985497	920386414	4575985565
4579985497	920486414	4579985565
4583985497	920586410	4583985719
4587985497	920686407	4587985565
4591985497	920786407	4591985565
4595985497	920886406	4595985719
4599985497	920986403	4599985565
4603985497	921086403	4603985565
4607985497	921186403	4607985565
4611985497	921286402	4611985719
4615985497	921386399	4615985565
4619985497	921486399	4619985565
4623985605	921586396	4623985746
4627985497	921686392	4627985565
4631985497	921786392	4631985565
4635985497	921886390	4635985719
4639985497	921986387	4639985565
4643985497	922086387	4643985565
4647985497	922186385	4647985719
4651985497	922286382	4651985565
4655985497	922386382	4655985565
4659985497	922486380	4659985719
4663985497	922586377	4663985565
4667985497	922686377	4667985565
4671985497	922786375	4671985719
4675985497	922886372	4675985565
4679985497	922986372	4679985565
4683985700	923086373	4683985841
4687985497	923186366	4687985565
4691985497	923286366	4691985565
4695985497	923386365	4695985719
4699985497	923486362	4699985565
4703985497	923586362	4703985565
4707985497	923686359	4707985719
4711985497	923786356	4711985565
4715985497	923886356	4715985565
4719985497	923986354	4719985719
4723985497	924086351	4723985565
4727985497	924186351	4727985565
4731985497	924286347	4731985719
4735985497	924386344	4735985565
4739985497	924486344	4739985565
4743985605	924586344	4743985746
4747985497	924686340	4747985565
4751985497	924786340	4751985565
4755985497	924886336	4755985719
4759985497	924986333	4759985565
4763985497	925086333	4763985565
4767985497	925186333	4767985565
4771985497	925286332	4771985719
4775985497	925386329	4775985565
4779985497	925486329	4779985565
4783985497	925586327	4783985719
4787985497	925686324	4787985565
4791985497	925786324	4791985565
4795985497	925886322	4795985719
4799985497	925986319	4799985565
4803985497	926086319	4803985565
4807985700	926186321	4807985841
4811985497	926286314	4811985565
4815985497	926386314	4815985565
4819985497	926486312	4819985719
4823985497	926586309	4823985565
4827985497	926686309	4827985565
4831985497	926786307	4831985719
4835985497	926886304	4835985565
4839985497	926986304	4839985565
4843985497	927086301	4843985719
4847985497	927186298	4847985565
4851985497	927286298	4851985565
4855985497	927386296	4855985719
4859985497	927486293	4859985565
4863985497	927586293	4863985565
4867985605	927686291	4867985746
4871985497	927786287	4871985565
4875985497	927886287	4875985565
4879985497	927986286	4879985719
4883985497	928086283	4883985565
4887985497	928186283	4887985565
4891985497	928286281	4891985719
4895985497	928386278	4895985565
4899985497	928486278	4899985565
4903985497	928586275	4903985719
4907985497	928686272	4907985565
4911985497	928786272	4911985565
4915985497	928886270	4915985719
4919985497	928986267	4919985565
4923985497	929086267	4923985565
4927985700	929186268	4927985841
4931985497	929286261	4931985565
4935985497	929386261	4935985565
4939985497	929486262	4939985615
4943985497	929586258	4943985638
4947985497	929686257	4947985565
4951985497	929786257	4951985565
4955985497	929886254	4955985719
4959985497	929986251	4959985565
4963985497	930086251	4963985565
4967985497	930186250	4967985719
4971985497	930286247	4971985565
4975985497	930386247	4975985565
4979985497	930486245	4979985719
4983985497	930586242	4983985565
4987985497	930686242	4987985565
4991985605	930786240	4991985746
4995985497	930886236	4995985565
4999985497	930986236	4999985565
5003985497	931086233	5003985719
5007985497	931186230	5007985565
5011985497	931286230	5011985565
5015985497	931386229	5015985719
5019985497	931486226	5019985565
5023985497	931586226	5023985565
5027985497	931686223	5027985719
5031985497	931786220	5031985565
5035985497	931886220	5035985565
5039985782	931986226	5039986036
5043985497	932086215	5043985565
5047985497	932186215	5047985565
5051985497	932286212	5051985719
5055985497	932386209	5055985565
5059985497	932486209	5059985565
5063985497	932586208	5063985719
5067985497	932686205	5067985565
5071985497	932786205	5071985565
5075985497	932886202	5075985719
5079985497	932986199	5079985565
5083985497	933086199	5083985565
5087985497	933186197	5087985719
5091985497	933286194	5091985565
5095985497	933386194	5095985565
5099985605	933486192	5099985778
5103985497	933586188	5103985565
5107985497	933686188	5107985565
5111985497	933786191	5111985719
5115985497	933886184	5115985565
5119985497	933986184	5119985565
5123985497	934086184	5123985565
5127985497	934186182	5127985719
5131985497	934286179	5131985565
5135985497	934386179	5135985565
5139985701	934486180	5139985873
5143985497	934586174	5143985565
5147985497	934686174	5147985565
5151985523	934786171	5151985745
5155985497	934886167	5155985565
5159985497	934986167	5159985565
5163985579	935086167	5163985751
5167985497	935186164	5167985565
5171985497	935286164	5171985565
5175985497	935386159	5175985719
5179985497	935486156	5179985565
5183985497	935586156	5183985565
5187985497	935686155	5187985719
5191985523	935786153	5191985592
5195985497	935886152	5195985565
5199985497	935986150	5199985719
5203985497	936086147	5203985565
5207985497	936186147	5207985565
5211985497	936286146	5211985719
5215985497	936386143	5215985565
5219985497	936486143	5219985565
5223985620	936586142	5223985792
5227985497	936686137	5227985565
5231985523	936786138	5231985592
5235985497	936886134	5235985719
5239985497	936986131	5239985565
5243985497	937086131	5243985565
5247985497	937186129	5247985719
5251985497	937286126	5251985565
5255985497	937386126	5255985565
5259985497	937486124	5259985719
5263985497	937586121	5263985565
5267985497	937686121	5267985565
5271985497	937786118	5271985719
5275985497	937886115	5275985565
5279985497	937986115	5279985565
5283985497	938086115	5283985565
5287985579	938186111	5287985751
5291985497	938286108	5291985565
5295985497	938386108	5295985565
5299985497	938486107	5299985719
5303985497	938586104	5303985565
5307985497	938686104	5307985565
5311985523	938786103	5311985745
5315985497	938886099	5315985565
5319985497	938986099	5319985565
5323985497	939086098	5323985719
5327985497	939186095	5327985565
5331985497	939286095	5331985565
5335985497	939386092	5335985719
5339985497	939486089	5339985565
5343985497	939586089	5343985565
5347985620	939686089	5347985792
5351985523	939786085	5351985592
5355985497	939886084	5355985565
5359985497	939986083	5359985719
5363985497	940086080	5363985565
5367985497	940186080	5367985565
5371985497	940286077	5371985719
5375985497	940386074	5375985565
5379985497	940486074	5379985565
5383985497	940586072	5383985719
5387985497	940686069	5387985565
5391985497	940786069	5391985565
5395985497	940886066	5395985719
5399985497	940986063	5399985565
5403985497	941086063	5403985565
5407985579	941186062	5407985751
5411985497	941286059	5411985565
5415985497	941386059	5415985565
5419985497	941486056	5419985719
5423985497	941586053	5423985565
5427985497	941686053	5427985565
5431985523	941786052	5431985745
5435985497	941886048	5435985565
5439985497	941986048	5439985565
5443985497	942086046	5443985719
5447985497	942186043	5447985565
5451985497	942286043	5451985565
5455985497	942386043	5455985565
5459985497	942486038	5459985719
5463985497	942586035	5463985565
5467985497	942686035	5467985565
5471985700	942786039	5471985873
5475985497	942886032	5475985565
5479985497	942986032	5479985565
5483985497	943086030	5483985719
5487985497	943186027	5487985565
5491985497	943286027	5491985565
5495985497	943386025	5495985719
5499985497	943486022	5499985565
5503985497	943586022	5503985565
5507985497	943686019	5507985719
5511985497	943786016	5511985565
5515985497	943886016	5515985565
5519985497	943986014	5519985719
5523985497	944086011	5523985565
5527985497	944186011	5527985565
5531985579	944286009	5531985751
5535985497	944386006	5535985565
5539985497	944486006	5539985565
5543985497	944586004	5543985719
5547985497	944686001	5547985565
5551985523	944786002	5551985592
5555985701	944886004	5555985955
5559985497	944985995	5559985565
5563985497	945085995	5563985565
5567985497	945185993	5567985719
5571985497	945285990	5571985565
5575985497	945385990	5575985565
5579985497	945485989	5579985719
5583985497	945585986	5583985565
5587985497	945685986	5587985565
5591985605	945785983	5591985778
5595985497	945885979	5595985565
5599985497	945985979	5599985565
5603985497	946085977	5603985719
5607985497	946185974	5607985565
5611985497	946285974	5611985565
5615985497	946385972	5615985719
5619985497	946485969	5619985565
5623985497	946585969	5623985565
5627985497	946685969	5627985565
5631985497	946785967	5631985719
5635985497	946885964	5635985565
5639985497	946985964	5639985565
5643985497	947085962	5643985719
5647985497	947185959	5647985565
5651985497	947285959	5651985565
5655985700	947385960	5655985873
5659985497	947485953	5659985565
5663985497	947585953	5663985565
5667985497	947685950	5667985719
5671985497	947785947	5671985565
5675985497	947885947	5675985565
5679985497	947985945	5679985719
5683985497	948085942	5683985565
5687985497	948185942	5687985565
5691985497	948285940	5691985719
5695985497	948385937	5695985565
5699985497	948485937	5699985565
5703985497	948585936	5703985719
5707985497	948685933	5707985565
5711985497	948785933	5711985565
5715985605	948885932	5715985778
5719985497	948985928	5719985565
5723985497	949085928	5723985565
5727985497	949185925	5727985719
5731985497	949285922	5731985565
5735985497	949385922	5735985565
5739985497	949485920	5739985719
5743985497	949585917	5743985565
5747985497	949685917	5747985565
5751985497	949785915	5751985719
5755985497	949885912	5755985565
5759985497	949985912	5759985565
5763985497	950085910	5763985719
5767985497	950185907	5767985565
5771985497	950285907	5771985565
5775985700	950385909	5775985873
5779985497	950485902	5779985565
5783985497	950585902	5783985565
5787985497	950685903	5787985615
5791985497	950785897	5791985638
5795985497	950885896	5795985565
5799986310	950985916	5799986378
5803985497	951085895	5803985719
5807985497	951185892	5807985565
5811985497	951285892	5811985565
5815985497	951385888	5815985719
5819985497	951485885	5819985565
5823985497	951585885	5823985565
5827985497	951685883	5827985719
5831985497	951785880	5831985565
5835985497	951885880	5835985565
5839985605	951985879	5839985778
5843985497	952085875	5843985565
5847985497	952185875	5847985565
5851985497	952285873	5851985719
5855985497	952385870	5855985565
5859985497	952485870	5859985565
5863985497	952585868	5863985719
5867985497	952685865	5867985565
5871985497	952785865	5871985565
5875985497	952885863	5875985719
5879985497	952985860	5879985565
5883985497	953085860	5883985565
5887985497	953185858	5887985719
5891985497	953285855	5891985565
5895985497	953385855	5895985565
5899985700	953485857	5899985873
5903985497	953585850	5903985565
5907985497	953685850	5907985565
5911985497	953785846	5911985719
5915985497	953885843	5915985565
5919985497	953985843	5919985565
5923985497	954085842	5923985719
5927985497	954185839	5927985565
5931985497	954285839	5931985565
5935985497	954385837	5935985719
5939985497	954485834	5939985565
5943985497	954585834	5943985565
5947985497	954685832	5947985719
5951985497	954785829	5951985565
5955985497	954885829	5955985565
5959985497	954985832	5959985719
5963985605	955085828	5963985858
5967985497	955185822	5967985565
5971985497	955285822	5971985565
5975985619	955385825	5975985873
5979985497	955485818	5979985565
5983985497	955585818	5983985565
5987985497	955685815	5987985719
5991985605	955785815	5991985673
5995985497	955885812	5995985565
5999985497	955985809	5999985719
6003985497	956085806	6003985565
6007985497	956185806	6007985565
6011985497	956285805	6011985719
6015985497	956385802	6015985565
6019985497	956485802	6019985565
6023985497	956585797	6023985670
6027985497	956685796	6027985565
6031985605	956785799	6031985673
6035985497	956885795	6035985719
6039985497	956985792	6039985565
6043985497	957085792	6043985565
6047985497	957185789	6047985719
6051985497	957285786	6051985565
6055985497	957385786	6055985565
6059985497	957485784	6059985719
6063985497	957585781	6063985565
6067985497	957685781	6067985565
6071985497	957785783	6071985719
6075985497	957885780	6075985565
6079985497	957985780	6079985565
6083985538	958085777	6083985710
6087985497	958185775	6087985565
6091985497	958285775	6091985565
6095985497	958385769	6095985719
6099985497	958485766	6099985565
6103985497	958585766	6103985565
6107985497	958685764	6107985719
6111985605	958785764	6111985673
6115985497	958885761	6115985565
6119985497	958985757	6119985719
6123985497	959085754	6123985565
6127985497	959185754	6127985565
6131985497	959285754	6131985565
6135985497	959385752	6135985719
6139985497	959485749	6139985565
6143985497	959585749	6143985565
6147985497	959685749	6147985670
6151985605	959785751	6151985673
6155985497	959885748	6155985565
6159985497	959985745	6159985719
6163985497	960085742	6163985565
6167985497	960185742	6167985565
6171985497	960285741	6171985719
6175985497	960385738	6175985565
6179985497	960485738	6179985565
6183985497	960585737	6183985719
6187985497	960685734	6187985565
6191985497	960785734	6191985565
6195985497	960885730	6195985719
6199985497	960985727	6199985565
6203985497	961085727	6203985565
6207985538	961185724	6207985710
6211985497	961285722	6211985565
6215985497	961385722	6215985565
6219985497	961485716	6219985719
6223985497	961585713	6223985565
6227985497	961685713	6227985565
6231985605	961785718	6231985827
6235985497	961885712	6235985565
6239985497	961985712	6239985565
6243985497	962085710	6243985719
6247985497	962185707	6247985565
6251985497	962285707	6251985565
6255985497	962385700	6255985719
6259985497	962485697	6259985565
6263985497	962585697	6263985565
6267985497	962685697	6267985670
6271985605	962785699	6271985673
6275985497	962885696	6275985565
6279985497	962985694	6279985719
6283985497	963085691	6283985565
6287985497	963185691	6287985565
6291985497	963285684	6291985719
6295985497	963385681	6295985565
6299985497	963485681	6299985565
6303985497	963585681	6303985565
6307985497	963685685	6307985719
6311985497	963785682	6311985565
6315985497	963885682	6315985565
6319985497	963985674	6319985719
6323985497	964085671	6323985565
6327985497	964185671	6327985565
6331985538	964285668	6331985710
6335985497	964385666	6335985565
6339985497	964485666	6339985565
6343985497	964585664	6343985719
6347985497	964685661	6347985565
6351985605	964785664	6351985673
6355985497	964885663	6355985719
6359985497	964985660	6359985565
6363985497	965085660	6363985565
6367985497	965185657	6367985719
6371985497	965285654	6371985565
6375985497	965385654	6375985565
6379985497	965485648	6379985719
6383985497	965585645	6383985565
6387985497	965685645	6387985565
6391985782	965785653	6391985955
6395985497	965885645	6395985615
6399985497	965985644	6399985565
6403985497	966085639	6403985638
6407985497	966185639	6407985615
6411985497	966285638	6411985565
6415985497	966385631	6415985638
6419985497	966485631	6419985615
6423985497	966585630	6423985565
6427985497	966685625	6427985638
6431985497	966785625	6431985615
6435985497	966885624	6435985565
6439985497	966985623	6439985638
6443985497	967085623	6443985615
6447985497	967185622	6447985565
6451985497	967285619	6451985670
6455985497	967385618	6455985565
6459985497	967485618	6459985565
6463985497	967585616	6463985719
6467985497	967685613	6467985565
6471985605	967785616	6471985673
6475985497	967885616	6475985719
6479985497	967985604	6479985565
6483985497	968085604	6483985565
6487985497	968185604	6487985565
6491985497	968285605	6491985719
6495985497	968385602	6495985565
6499985497	968485602	6499985565
6503985605	968585604	6503985858
6507985497	968685598	6507985565
6511985619	968785601	6511985687
6515985497	968885590	6515985719
6519985497	968985587	6519985565
6523985497	969085587	6523985565
6527985497	969185590	6527985719
6531985497	969285587	6531985565
6535985497	969385587	6535985565
6539985497	969485580	6539985719
6543985497	969585577	6543985565
6547985497	969685577	6547985565
6551985497	969785579	6551985719
6555985497	969885576	6555985565
6559985497	969985576	6559985565
6563985605	970085571	6563985778
6567985497	970185567	6567985565
6571985497	970285567	6571985565
6575985497	970385565	6575985719
6579985497	970485562	6579985565
6583985497	970585562	6583985565
6587985497	970685558	6587985719
6591985497	970785555	6591985565
6595985497	970885555	6595985565
6599985497	970985558	6599985719
6603985497	971085555	6603985565
6607985497	971185555	6607985565
6611985497	971285553	6611985719
6615985497	971385550	6615985565
6619985497	971485550	6619985565
6623985605	971585549	6623985778
6627985497	971685545	6627985565
6631985538	971785546	6631985606
6635985497	971885548	6635985719
6639985497	971985540	6639985565
6643985497	972085540	6643985565
6647985497	972185543	6647985719
6651985497	972285534	6651985565
6655985497	972385534	6655985565
6659985497	972485534	6659985565
6663985497	972585530	6663985719
6667985497	972685527	6667985565
6671985497	972785527	6671985565
6675985497	972885523	6675985719
6679985497	972985520	6679985565
6683985497	973085520	6683985565
6687985605	973185519	6687985778
6691985497	973285515	6691985565
6695985497	973385515	6695985565
6699985497	973485511	6699985719
6703985497	973585508	6703985565
6707985497	973685508	6707985565
6711985497	973785505	6711985719
6715985497	973885502	6715985565
6719985497	973985502	6719985565
6723985497	974085501	6723985719
6727985497	974185498	6727985565
6731985497	974285498	6731985565
6735985497	974385497	6735985719
6739985497	974485494	6739985565
6743985497	974585494	6743985565
6747985605	974685493	6747985778
6751985538	974785490	6751985606
6755985497	974885489	6755985565
6759985497	974985486	6759985719
6763985497	975085483	6763985565
6767985497	975185483	6767985565
6771985497	975285481	6771985719
6775985497	975385478	6775985565
6779985497	975485478	6779985565
6783985497	975585476	6783985719
6787985497	975685473	6787985565
6791985497	975785473	6791985565
6795985497	975885470	6795985719
6799985497	975985467	6799985565
6803985497	976085467	6803985565
6807985605	976185464	6807985778
6811985579	976285463	6811985696
6815985497	976385460	6815985565
6819985497	976485461	6819985638
6823985497	976585452	6823985565
6827985497	976685452	6827985565
6831985700	976785461	6831985922
6835985497	976885453	6835985638
6839985497	976985453	6839985615
6843985497	977085452	6843985565
6847985497	977185447	6847985638
6851985497	977285447	6851985615
6855985497	977385446	6855985565
6859985497	977485443	6859985638
6863985497	977585443	6863985615
6867985497	977685442	6867985565
6871985579	977785442	6871985832
6875985497	977885436	6875985565
6879985497	977985436	6879985565
6883985497	978085432	6883985719
6887985497	978185429	6887985565
6891985497	978285429	6891985565
6895985497	978385428	6895985719
6899985497	978485425	6899985565
6903985497	978585425	6903985565
6907985497	978685424	6907985719
6911985523	978785422	6911985592
6915985497	978885421	6915985565
6919985497	978985418	6919985719
6923985497	979085415	6923985565
6927985497	979185415	6927985565
6931985497	979285411	6931985670
6935985497	979385410	6935985565
6939985497	979485410	6939985565
6943985497	979585408	6943985719
6947985497	979685405	6947985565
6951985700	979785410	6951985768
6955985521	979885404	6955985743
6959985742	979985410	6959985995
6963985497	980085400	6963985565
6967985497	980185398	6967985719
6971985497	980285395	6971985565
6975985497	980385395	6975985565
6979985497	980485395	6979985565
6983985497	980585392	6983985719
6987985497	980685389	6987985565
6991985538	980785393	6991985760
6995985605	980885390	6995985858
6999985497	980985384	6999985565
7003985497	981085384	7003985565
7007985497	981185382	7007985719
7011985497	981285379	7011985565
7015985497	981385379	7015985565
7019985497	981485377	7019985719
7023985497	981585374	7023985565
7027985497	981685374	7027985565
7031985497	981785371	7031985719
7035985497	981885368	7035985565
7039985497	981985368	7039985565
7043985497	982085364	7043985719
7047985497	982185361	7047985565
7051985497	982285361	7051985565
7055985605	982385362	7055985778
7059985497	982485358	7059985565
7063985497	982585358	7063985565
7067985497	982685354	7067985719
7071985538	982785352	7071985606
7075985497	982885351	7075985565
7079985497	982985350	7079985719
7083985497	983085347	7083985565
7087985497	983185347	7087985565
7091985497	983285345	7091985719
7095985497	983385342	7095985565
7099985497	983485342	7099985565
7103985497	983585339	7103985719
7107985497	983685336	7107985565
7111985497	983785336	7111985565
7115985605	983885335	7115985778
7119985497	983985331	7119985565
7123985497	984085331	7123985565
7127985497	984185329	7127985719
7131985497	984285326	7131985565
7135985497	984385326	7135985565
7139985497	984485323	7139985719
7143985497	984585320	7143985565
7147985497	984685320	7147985565
7151985497	984785319	7151985719
7155985497	984885316	7155985565
7159985497	984985316	7159985565
7163985497	985085316	7163985565
7167985497	985185312	7167985719
7171985497	985285309	7171985565
7175985497	985385309	7175985565
7179985605	985485310	7179985778
7183985497	985585306	7183985565
7187985497	985685306	7187985565
7191985538	985785305	7191985760
7195985497	985885301	7195985565
7199985497	985985301	7199985565
7203985497	986085297	7203985719
7207985497	986185294	7207985565
7211985497	986285294	7211985565
7215985497	986385293	7215985719
7219985497	986485290	7219985565
7223985497	986585290	7223985565
7227985497	986685288	7227985719
7231985497	986785285	7231985565
7235985497	986885285	7235985565
7239985605	986985284	7239985778
7243985497	987085280	7243985565
7247985497	987185280	7247985565
7251985497	987285276	7251985719
7255985497	987385273	7255985565
7259985497	987485273	7259985565
7263985497	987585272	7263985719
7267985497	987685269	7267985565
7271985497	987785269	7271985565
7275985497	987885267	7275985719
7279985497	987985264	7279985565
7283985497	988085264	7283985565
7287985497	988185261	7287985719
7291985497	988285258	7291985565
7295985497	988385258	7295985565
7299985605	988485258	7299985778
7303985497	988585254	7303985565
7307985497	988685254	7307985565
7311985538	988785252	7311985760
7315985497	988885248	7315985565
7319985497	988985248	7319985565
7323985497	989085245	7323985719
7327985497	989185242	7327985565
7331985497	989285242	7331985565
7335985497	989385242	7335985565
7339985497	989485240	7339985719
7343985497	989585237	7343985565
7347985497	989685237	7347985565
7351985497	989785235	7351985719
7355985497	989885232	7355985565
7359985497	989985232	7359985565
7363985605	990085231	7363985778
7367985497	990185227	7367985565
7371985497	990285227	7371985565
7375985497	990385224	7375985719
7379985497	990485221	7379985565
7383985497	990585221	7383985565
7387985497	990685220	7387985719
7391985497	990785217	7391985565
7395985497	990885217	7395985565
7399985497	990985214	7399985719
7403985497	991085211	7403985565
7407985497	991185211	7407985565
7411985497	991285209	7411985719
7415985497	991385206	7415985565
7419985497	991485206	7419985565
7423985605	991585205	7423985778
7427985497	991685201	7427985565
7431985538	991785202	7431985606
7435985497	991885199	7435985719
7439985497	991985196	7439985565
7443985497	992085196	7443985565
7447985497	992185194	7447985719
7451985497	992285191	7451985565
7455985497	992385191	7455985565
7459985497	992485189	7459985719
7463985497	992585186	7463985565
7467985497	992685186	7467985565
7471985497	992785183	7471985719
7475985497	992885180	7475985565
7479985497	992985180	7479985565
7483985605	993085179	7483985778
7487985497	993185175	7487985565
7491985497	993285175	7491985565
7495985497	993385176	7495985615
7499985497	993485171	7499985638
7503985497	993585170	7503985565
7507985497	993685170	7507985565
7511985497	993785167	7511985719
7515985497	993885164	7515985565
7519985497	993985164	7519985565
7523985497	994085161	7523985719
7527985497	994185158	7527985565
7531985497	994285158	7531985565
7535985497	994385156	7535985719
7539985497	994485153	7539985565
7543985497	994585153	7543985565
7547985605	994685152	7547985778
7551985538	994785149	7551985606
7555985497	994885148	7555985565
7559985497	994985146	7559985719
7563985497	995085143	7563985565
7567985497	995185143	7567985565
7571985497	995285141	7571985719
7575985497	995385138	7575985565
7579985497	995485138	7579985565
7583985497	995585136	7583985719
7587985497	995685133	7587985565
7591985497	995785133	7591985565
7595985497	995885131	7595985719
7599985497	995985128	7599985565
7603985497	996085128	7603985565
7607985605	996185126	7607985778
7611985497	996285122	7611985565
7615985497	996385122	7615985565
7619985497	996485119	7619985719
7623985497	996585116	7623985565
7627985497	996685116	7627985565
7631985742	996785122	7631985995
7635985497	996885112	7635985565
7639985497	996985112	7639985565
7643985497	997085112	7643985565
7647985497	997185110	7647985719
7651985497	997285107	7651985565
7655985497	997385104	7655985719
7659985497	997485101	7659985565
7663985497	997585101	7663985565
7667985497	997685101	7667985565
7671985700	997785104	7671985873
7675985497	997885097	7675985565
7679985497	997985097	7679985565
7683985497	998085094	7683985719
7687985497	998185091	7687985565
7691985497	998285091	7691985565
7695985497	998385089	7695985719
7699985497	998485086	7699985565
7703985497	998585086	7703985565
7707985497	998685084	7707985719
7711985497	998785081	7711985565
7715985497	998885081	7715985565
7719985497	998985079	7719985719
7723985497	999085076	7723985565
7727985497	999185076	7727985565
7731985497	999285072	7731985670
7735985497	999385071	7735985565
7739985497	999485071	7739985565
7743985497	999585068	7743985719
7747985497	999685065	7747985565
7751985605	999785068	7751985673
7755985497	999885063	7755985719
7759985497	999985060	7759985565
7763985497	1000085060	7763985565
7767985497	1000185057	7767985719
7771985497	1000285054	7771985565
7775985497	1000385054	7775985565
7779985497	1000485052	7779985719
7783985497	1000585049	7783985565
7787985497	1000685049	7787985565
7791985497	1000785043	7791985670
7795985497	1000885042	7795985565
7799985497	1000985042	7799985565
7803985497	1001085042	7803985719
7807985497	1001185039	7807985565
7811985497	1001285039	7811985565
7815985497	1001385037	7815985719
7819985497	1001485034	7819985565
7823985497	1001585034	7823985565
7827985497	1001685030	7827985719
7831985700	1001785032	7831985768
7835985497	1001885027	7835985565
7839985497	1001985030	7839985719
7843985497	1002085023	7843985565
7847985497	1002185023	7847985565
7851985497	1002285023	7851985565
7855985497	1002385018	7855985670
7859985497	1002485017	7859985565
7863985497	1002585017	7863985565
7867985497	1002685016	7867985719
7871985605	1002785016	7871985673
7875985497	1002885013	7875985565
7879985497	1002985010	7879985719
7883985497	1003085007	7883985565
7887985497	1003185007	7887985565
7891985497	1003285005	7891985719
7895985497	1003385002	7895985565
7899985497	1003485002	7899985565
7903985497	1003585000	7903985719
7907985497	1003684997	7907985565
7911985497	1003784997	7911985565
7915985497	1003884992	7915985670
7919985497	1003984991	7919985565
7923985497	1004084991	7923985565
7927985497	1004184990	7927985719
7931985497	1004284987	7931985565
7935985497	1004384987	7935985565
7939985497	1004484984	7939985719
7943985497	1004584981	7943985565
7947985497	1004684981	7947985565
7951985700	1004784985	7951985922
7955985497	1004884976	7955985565
7959985497	1004984976	7959985565
7963985497	1005084974	7963985719
7967985497	1005184971	7967985565
7971985497	1005284971	7971985565
7975985497	1005384967	7975985670
7979985497	1005484966	7979985565
7983985497	1005584966	7983985565
7987985497	1005684963	7987985719
7991985605	1005784963	7991985673
7995985497	1005884960	7995985565
7999985497	1005984958	7999985719
8003985497	1006084955	8003985565
8007985497	1006184955	8007985565
8011985497	1006284955	8011985565
8015985497	1006384953	8015985719
8019985497	1006484950	8019985565
8023985497	1006584950	8023985565
8027985497	1006684947	8027985719
8031985497	1006784944	8031985565
8035985497	1006884944	8035985565
8039985497	1006984941	8039985670
8043985497	1007084940	8043985565
8047985497	1007184940	8047985565
8051985782	1007284945	8051986036
8055985497	1007384934	8055985565
8059985497	1007484934	8059985565
8063985497	1007584932	8063985719
8067985497	1007684929	8067985565
8071985497	1007784929	8071985565
8075985497	1007884927	8075985719
8079985497	1007984924	8079985565
8083985497	1008084924	8083985565
8087985497	1008184921	8087985719
8091985497	1008284918	8091985565
8095985497	1008384918	8095985565
8099985605	1008484918	8099985778
8103985497	1008584914	8103985565
8107985497	1008684914	8107985565
8111985497	1008784911	8111985719
8115985497	1008884908	8115985565
8119985497	1008984908	8119985565
8123985497	1009084907	8123985719
8127985497	1009184904	8127985565
8131985497	1009284904	8131985565
8135985497	1009384901	8135985719
8139985497	1009484898	8139985565
8143985497	1009584898	8143985565
8147985497	1009684896	8147985719
8151985497	1009784893	8151985565
8155985497	1009884893	8155985565
8159985700	1009984895	8159985873
8163985497	1010084888	8163985565
8167985497	1010184888	8167985565
8171985497	1010284886	8171985719
8175985497	1010384883	8175985565
8179985497	1010484883	8179985565
8183985497	1010584883	8183985565
8187985497	1010684880	8187985719
8191985497	1010784877	8191985565
8195985497	1010884877	8195985565
8199985497	1010984875	8199985719
8203985497	1011084872	8203985565
8207985497	1011184872	8207985565
8211985497	1011284869	8211985719
8215985497	1011384866	8215985565
8219985497	1011484866	8219985565
8223985605	1011584864	8223985778
8227985497	1011684860	8227985565
8231985497	1011784860	8231985565
8235985497	1011884860	8235985719
8239985497	1011984857	8239985565
8243985497	1012084857	8243985565
8247985497	1012184853	8247985719
8251985497	1012284850	8251985565
8255985497	1012384850	8255985565
8259985497	1012484848	8259985719
8263985497	1012584845	8263985565
8267985497	1012684845	8267985565
8271985497	1012784844	8271985719
8275985497	1012884841	8275985565
8279985497	1012984841	8279985565
8283985700	1013084841	8283985873
8287985497	1013184834	8287985565
8291985497	1013284834	8291985565
8295985497	1013384834	8295985719
8299985497	1013484831	8299985565
8303985497	1013584831	8303985565
8307985497	1013684828	8307985719
8311985497	1013784825	8311985565
8315985497	1013884825	8315985565
8319985497	1013984822	8319985719
8323985497	1014084819	8323985565
8327985497	1014184819	8327985565
8331985497	1014284816	8331985719
8335985497	1014384813	8335985565
8339985497	1014484813	8339985565
8343985605	1014584813	8343985778
8347985497	1014684809	8347985565
8351985497	1014784809	8351985565
8355985497	1014884812	8355985719
8359985497	1014984805	8359985565
8363985497	1015084805	8363985565
8367985497	1015184805	8367985565
8371985497	1015284802	8371985719
8375985497	1015384799	8375985565
8379985497	1015484799	8379985565
8383985497	1015584794	8383985565
8387985497	1015684794	8387985565
8391985497	1015784795	8391985638
8395985497	1015884792	8395985719
8399985497	1015984789	8399985565
8403985497	1016084789	8403985565
8407985700	1016184792	8407985954
8411985497	1016284783	8411985565
8415985497	1016384783	8415985565
8419985497	1016484781	8419985719
8423985497	1016584778	8423985565
8427985497	1016684778	8427985565
8431985497	1016784774	8431985719
8435985497	1016884771	8435985565
8439985497	1016984771	8439985565
8443985497	1017084770	8443985719
8447985497	1017184767	8447985565
8451985497	1017284767	8451985565
8455985497	1017384765	8455985719
8459985497	1017484762	8459985565
8463985497	1017584762	8463985565
8467985782	1017684765	8467985955
8471985497	1017784757	8471985615
8475985497	1017884756	8475985565
8479985497	1017984752	8479985638
8483985497	1018084752	8483985615
8487985497	1018184751	8487985565
8491985497	1018284747	8491985638
8495985497	1018384747	8495985615
8499985497	1018484746	8499985565
8503985497	1018584742	8503985638
8507985497	1018684742	8507985615
8511985497	1018784741	8511985565
8515985497	1018884739	8515985719
8519985497	1018984736	8519985565
8523985497	1019084736	8523985565
8527985497	1019184736	8527985565
8531985605	1019284732	8531985778
8535985497	1019384728	8535985565
8539985497	1019484728	8539985565
8543985497	1019584728	8543985719
8547985497	1019684725	8547985565
8551985497	1019784725	8551985565
8555985497	1019884723	8555985719
8559985497	1019984720	8559985565
8563985497	1020084720	8563985565
8567985497	1020184717	8567985719
8571985497	1020284714	8571985565
8575985497	1020384714	8575985565
8579985497	1020484713	8579985719
8583985497	1020584710	8583985565
8587985497	1020684710	8587985565
8591985700	1020784711	8591985873
8595985497	1020884704	8595985565
8599985497	1020984704	8599985565
8603985497	1021084702	8603985719
8607985497	1021184699	8607985565
8611985497	1021284699	8611985565
8615985497	1021384697	8615985719
8619985497	1021484694	8619985565
8623985497	1021584694	8623985565
8627985497	1021684692	8627985719
8631985497	1021784689	8631985565
8635985497	1021884689	8635985565
8639985497	1021984686	8639985719
8643985497	1022084683	8643985565
8647985497	1022184683	8647985565
8651985605	1022284683	8651985778
8655985497	1022384679	8655985565
8659985497	1022484679	8659985565
8663985497	1022584675	8663985719
8667985497	1022684672	8667985565
8671985497	1022784672	8671985565
8675985497	1022884670	8675985719
8679985497	1022984667	8679985565
8683985497	1023084667	8683985565
8687985497	1023184666	8687985719
8691985497	1023284663	8691985565
8695985497	1023384663	8695985565
8699985497	1023484663	8699985565
8703985497	1023584661	8703985719
8707985497	1023684658	8707985565
8711985497	1023784658	8711985565
8715985700	1023884659	8715985873
8719985497	1023984652	8719985565
8723985497	1024084652	8723985565
8727985497	1024184650	8727985719
8731985497	1024284647	8731985565
8735985497	1024384647	8735985565
8739985497	1024484645	8739985719
8743985497	1024584642	8743985565
8747985497	1024684642	8747985565
8751985497	1024784638	8751985719
8755985497	1024884635	8755985565
8759985497	1024984635	8759985565
8763985497	1025084635	8763985719
8767985497	1025184632	8767985565
8771985497	1025284632	8771985565
8775985605	1025384629	8775985778
8779985497	1025484625	8779985565
8783985497	1025584625	8783985565
8787985497	1025684624	8787985719
8791985497	1025784621	8791985565
8795985497	1025884621	8795985565
8799985497	1025984618	8799985719
8803985497	1026084615	8803985565
8807985497	1026184615	8807985565
8811985497	1026284614	8811985719
8815985497	1026384611	8815985565
8819985497	1026484611	8819985565
8823985497	1026584607	8823985719
8827985497	1026684604	8827985565
8831985497	1026784604	8831985565
8835985700	1026884607	8835985873
8839985497	1026984600	8839985565
8843985497	1027084600	8843985565
8847985497	1027184598	8847985719
8851985497	1027284595	8851985565
8855985497	1027384595	8855985565
8859985497	1027484595	8859985565
8863985497	1027584593	8863985719
8867985497	1027684590	8867985565
8871985497	1027784590	8871985565
8875985497	1027884587	8875985719
8879985497	1027984584	8879985565
8883985497	1028084584	8883985565
8887985782	1028184590	8887986036
8891985497	1028284579	8891985565
8895985497	1028384579	8895985565
8899985497	1028484575	8899985670
8903985497	1028584574	8903985565
8907985497	1028684574	8907985565
8911985700	1028784577	8911985922
8915985497	1028884568	8915985565
8919985497	1028984568	8919985565
8923985497	1029084566	8923985719
8927985497	1029184563	8927985565
8931985497	1029284563	8931985565
8935985497	1029384560	8935985719
8939985497	1029484557	8939985565
8943985497	1029584557	8943985565
8947985497	1029684556	8947985719
8951985497	1029784553	8951985565
8955985497	1029884553	8955985565
8959985497	1029984549	8959985670
8963985497	1030084548	8963985565
8967985497	1030184548	8967985565
8971985497	1030284546	8971985719
8975985497	1030384543	8975985565
8979985497	1030484543	8979985565
8983985497	1030584540	8983985719
8987985497	1030684537	8987985565
8991985605	1030784540	8991985673
8995985497	1030884535	8995985719
8999985497	1030984532	8999985565
9003985497	1031084532	9003985565
9007985497	1031184530	9007985719
9011985497	1031284527	9011985565
9015985497	1031384527	9015985565
9019985497	1031484522	9019985670
9023985497	1031584521	9023985565
9027985497	1031684521	9027985565
9031985620	1031784528	9031985842
9035985497	1031884517	9035985565
9039985497	1031984517	9039985565
9043985497	1032084517	9043985565
9047985497	1032184513	9047985719
9051985497	1032284510	9051985565
9055985497	1032384510	9055985565
9059985497	1032484505	9059985565
9063985497	1032584505	9063985565
9067985497	1032684505	9067985565
9071985523	1032784505	9071985745
9075985497	1032884501	9075985565
9079985497	1032984501	9079985565
9083985497	1033084497	9083985670
9087985497	1033184496	9087985565
9091985497	1033284496	9091985565
9095985497	1033384493	9095985719
9099985497	1033484490	9099985565
9103985497	1033584490	9103985565
9107985497	1033684488	9107985719
9111985700	1033784490	9111985768
9115985497	1033884485	9115985565
9119985497	1033984482	9119985719
9123985497	1034084479	9123985565
9127985497	1034184479	9127985565
9131985497	1034284477	9131985719
9135985497	1034384474	9135985565
9139985497	1034484474	9139985565
9143985497	1034584470	9143985670
9147985497	1034684469	9147985565
9151985620	1034784472	9151985688
9155985497	1034884468	9155985719
9159985497	1034984465	9159985565
9163985497	1035084465	9163985565
9167985497	1035184462	9167985719
9171985497	1035284459	9171985565
9175985497	1035384459	9175985565
9179985497	1035484456	9179985719
9183985497	1035584453	9183985565
9187985497	1035684453	9187985565
9191985523	1035784450	9191985745
9195985497	1035884446	9195985565
9199985497	1035984446	9199985565
9203985497	1036084446	9203985565
9207985497	1036184443	9207985670
9211985497	1036284442	9211985565
9215985497	1036384442	9215985565
9219985497	1036484440	9219985719
9223985497	1036584437	9223985565
9227985497	1036684437	9227985565
9231985700	1036784441	9231985922
9235985497	1036884432	9235985565
9239985497	1036984432	9239985565
9243985497	1037084431	9243985719
9247985497	1037184428	9247985565
9251985497	1037284428	9251985565
9255985497	1037384424	9255985719
9259985497	1037484421	9259985565
9263985497	1037584421	9263985565
9267985497	1037684418	9267985670
9271985620	1037784420	9271985688
9275985497	1037884417	9275985565
9279985497	1037984415	9279985719
9283985497	1038084412	9283985565
9287985497	1038184412	9287985565
9291985497	1038284410	9291985719
9295985497	1038384407	9295985565
9299985497	1038484407	9299985565
9303985660	1038584409	9303985914
9307985497	1038684401	9307985565
9311985620	1038784404	9311985688
9315985497	1038884399	9315985719
9319985497	1038984396	9319985565
9323985497	1039084396	9323985565
9327985523	1039184393	9327985696
9331985497	1039284391	9331985565
9335985497	1039384391	9335985565
9339985497	1039484388	9339985719
9343985497	1039584385	9343985565
9347985497	1039684385	9347985565
9351985579	1039784386	9351985801
9355985521	1039884380	9355985589
9359985782	1039984391	9359986036
9363985497	1040084375	9363985670
9367985605	1040184378	9367985722
9371985497	1040284374	9371985565
9375985497	1040384375	9375985638
9379985497	1040484370	9379985615
9383985497	1040584369	9383985565
9387985497	1040684369	9387985565
9391985497	1040784365	9391985638
9395985497	1040884365	9395985615
9399985497	1040984364	9399985565
9403985497	1041084360	9403985638
9407985497	1041184360	9407985615
9411985497	1041284359	9411985565
9415985497	1041384355	9415985638
9419985497	1041484355	9419985615
9423985497	1041584354	9423985565
9427985700	1041684359	9427985954
9431985497	1041784350	9431985565
9435985497	1041884350	9435985565
9439985497	1041984347	9439985719
9443985497	1042084344	9443985565
9447985497	1042184344	9447985565
9451985497	1042284342	9451985719
9455985497	1042384339	9455985565
9459985497	1042484339	9459985565
9463985497	1042584336	9463985719
9467985497	1042684333	9467985565
9471985497	1042784333	9471985565
9475985497	1042884330	9475985719
9479985497	1042984327	9479985565
9483985497	1043084327	9483985565
9487985605	1043184326	9487985778
9491985497	1043284322	9491985565
9495985497	1043384322	9495985565
9499985497	1043484321	9499985719
9503985497	1043584318	9503985565
9507985497	1043684318	9507985565
9511985497	1043784315	9511985719
9515985497	1043884312	9515985565
9519985497	1043984312	9519985565
9523985497	1044084310	9523985719
9527985497	1044184307	9527985565
9531985497	1044284307	9531985565
9535985497	1044384304	9535985719
9539985497	1044484301	9539985565
9543985497	1044584301	9543985565
9547985497	1044684301	9547985565
9551985700	1044784303	9551985873
9555985497	1044884296	9555985565
9559985497	1044984296	9559985565
9563985497	1045084295	9563985719
9567985497	1045184292	9567985565
9571985497	1045284292	9571985565
9575985497	1045384289	9575985719
9579985497	1045484286	9579985565
9583985497	1045584286	9583985565
9587985497	1045684284	9587985719
9591985497	1045784281	9591985565
9595985497	1045884281	9595985565
9599985497	1045984278	9599985719
9603985497	1046084275	9603985565
9607985497	1046184275	9607985565
9611985605	1046284275	9611985778
9615985497	1046384271	9615985565
9619985497	1046484271	9619985565
9623985497	1046584269	9623985719
9627985497	1046684266	9627985565
9631985497	1046784266	9631985565
9635985497	1046884263	9635985719
9639985497	1046984260	9639985565
9643985497	1047084260	9643985565
9647985497	1047184258	9647985719
9651985497	1047284255	9651985565
9655985497	1047384255	9655985565
9659985497	1047484252	9659985719
9663985497	1047584249	9663985565
9667985497	1047684249	9667985565
9671985700	1047784251	9671985873
9675985497	1047884244	9675985565
9679985497	1047984244	9679985565
9683985497	1048084241	9683985719
9687985497	1048184238	9687985565
9691985497	1048284238	9691985565
9695985497	1048384237	9695985719
9699985497	1048484234	9699985565
9703985497	1048584234	9703985565
9707985497	1048684232	9707985719
9711985497	1048784229	9711985565
9715985497	1048884229	9715985565
9719985497	1048984232	9719985719
9723985497	1049084222	9723985565
9727985497	1049184222	9727985565
9731985497	1049284222	9731985565
9735985605	1049384223	9735985778
9739985497	1049484219	9739985565
9743985497	1049584219	9743985565
9747985497	1049684215	9747985719
9751985497	1049784212	9751985565
9755985497	1049884212	9755985565
9759985497	1049984210	9759985719
9763985497	1050084207	9763985565
9767985497	1050184207	9767985565
9771985497	1050284206	9771985719
9775985497	1050384203	9775985565
9779985497	1050484203	9779985565
9783985497	1050584200	9783985719
9787985497	1050684197	9787985565
9791985497	1050784197	9791985565
9795985700	1050884199	9795985873
9799985497	1050984192	9799985565
9803985497	1051084192	9803985565
9807985497	1051184190	9807985719
9811985497	1051284187	9811985565
9815985497	1051384187	9815985565
9819985497	1051484184	9819985719
9823985497	1051584181	9823985565
9827985497	1051684181	9827985565
9831985497	1051784180	9831985719
9835985497	1051884177	9835985565
9839985497	1051984177	9839985565
9843985497	1052084175	9843985719
9847985497	1052184172	9847985565
9851985497	1052284172	9851985565
9855985605	1052384170	9855985778
9859985497	1052484166	9859985565
9863985497	1052584166	9863985565
9867985497	1052684163	9867985719
9871985497	1052784160	9871985565
9875985497	1052884160	9875985565
9879985497	1052984163	9879985719
9883985497	1053084155	9883985565
9887985497	1053184155	9887985565
9891985497	1053284158	9891985719
9895985497	1053384150	9895985565
9899985497	1053484150	9899985565
9903985497	1053584150	9903985565
9907985497	1053684148	9907985719
9911985497	1053784145	9911985565
9915985497	1053884145	9915985565
9919985700	1053984147	9919985873
9923985497	1054084140	9923985565
9927985497	1054184140	9927985565
9931985660	1054284143	9931985914
9935985497	1054384135	9935985565
9939985497	1054484135	9939985565
9943985497	1054584131	9943985719
9947985497	1054684128	9947985565
9951985620	1054784131	9951985688
9955985497	1054884127	9955985719
9959985497	1054984124	9959985565
9963985497	1055084124	9963985565
9967985497	1055184122	9967985719
9971985497	1055284119	9971985565
9975985497	1055384119	9975985565
9979985497	1055484117	9979985719
9983985497	1055584114	9983985565
9987985497	1055684114	9987985565
9991985523	1055784111	9991985696
9995985497	1055884109	9995985565
9999985497	1055984109	9999985565
10003985579	1056084109	10003985801
10007985497	1056184103	10007985565
10011985497	1056284103	10011985565
10015985497	1056384102	10015985719
10019985497	1056484099	10019985565
10023985497	1056584099	10023985565
10027985497	1056684095	10027985719
10031985497	1056784092	10031985565
10035985497	1056884092	10035985565
10039985497	1056984088	10039985719
10043985497	1057084085	10043985565
10047985497	1057184085	10047985565
10051985605	1057284086	10051985778
10055985497	1057384082	10055985565
10059985497	1057484082	10059985565
10063985497	1057584082	10063985565
10067985660	1057684085	10067985914
10071985538	1057784078	10071985606
10075985497	1057884077	10075985565
10079985605	1057984078	10079985858
10083985497	1058084072	10083985565
10087985497	1058184072	10087985565
10091985497	1058284070	10091985719
10095985497	1058384067	10095985565
10099985497	1058484067	10099985565
10103985497	1058584065	10103985719
10107985497	1058684062	10107985565
10111985538	1058784063	10111985606
10115985742	1058884066	10115985995
10119985497	1058984056	10119985565
10123985497	1059084056	10123985565
10127985579	1059184057	10127985832
10131985497	1059284051	10131985565
10135985497	1059384051	10135985565
10139985497	1059484049	10139985719
10143985497	1059584046	10143985565
10147985497	1059684046	10147985565
10151985782	1059784050	10151986036
10155985497	1059884039	10155985565
10159985497	1059984039	10159985565
10163985497	1060084039	10163985719
10167985497	1060184036	10167985565
10171985497	1060284036	10171985565
10175985497	1060384032	10175985719
10179985497	1060484029	10179985565
10183985497	1060584029	10183985565
10187985605	1060684030	10187985858
10191985538	1060784025	10191985606
10195985497	1060884024	10195985565
10199985497	1060984021	10199985719
10203985497	1061084018	10203985565
10207985497	1061184018	10207985565
10211985497	1061284017	10211985719
10215985497	1061384014	10215985565
10219985497	1061484014	10219985565
10223985497	1061584014	10223985565
10227985497	1061684012	10227985719
10231985497	1061784009	10231985565
10235985497	1061884009	10235985565
10239985742	1061984013	10239985995
10243985497	1062084003	10243985565
10247985497	1062184003	10247985565
10251985605	1062284004	10251985858
10255985497	1062383998	10255985565
10259985497	1062483998	10259985565
10263985497	1062583997	10263985719
10267985497	1062683994	10267985565
10271985538	1062783995	10271985606
10275985497	1062883990	10275985719
10279985497	1062983987	10279985565
10283985497	1063083987	10283985565
10287985497	1063183984	10287985719
10291985497	1063283981	10291985565
10295985497	1063383981	10295985565
10299985497	1063483980	10299985719
10303985497	1063583977	10303985565
10307985497	1063683977	10307985565
10311985605	1063783976	10311985778
10315985497	1063883972	10315985565
10319985497	1063983972	10319985565
10323985497	1064083970	10323985719
10327985497	1064183967	10327985565
10331985497	1064283967	10331985565
10335985497	1064383964	10335985719
10339985497	1064483961	10339985565
10343985497	1064583961	10343985565
10347985497	1064683961	10347985719
10351985497	1064783958	10351985565
10355985497	1064883958	10355985565
10359985497	1064983955	10359985719
10363985497	1065083952	10363985565
10367985497	1065183952	10367985565
10371985605	1065283951	10371985778
10375985497	1065383947	10375985565
10379985497	1065483947	10379985565
10383985497	1065583945	10383985719
10387985497	1065683942	10387985565
10391985538	1065783943	10391985606
10395985497	1065883945	10395985719
10399985497	1065983935	10399985565
10403985497	1066083935	10403985565
10407985497	1066183935	10407985565
10411985497	1066283934	10411985719
10415985497	1066383931	10415985565
10419985497	1066483931	10419985565
10423985497	1066583925	10423985565
10427985497	1066683925	10427985565
10431985497	1066783926	10431985638
10435985742	1066883930	10435985995
10439985497	1066983920	10439985565
10443985497	1067083920	10443985565
10447985497	1067183917	10447985719
10451985497	1067283914	10451985565
10455985497	1067383914	10455985565
10459985497	1067483913	10459985719
10463985497	1067583910	10463985565
10467985497	1067683910	10467985565
10471985538	1067783909	10471985760
10475985497	1067883905	10475985565
10479985497	1067983905	10479985565
10483985497	1068083903	10483985719
10487985497	1068183900	10487985565
10491985497	1068283900	10491985565
10495985605	1068383899	10495985778
10499985497	1068483895	10499985565
10503985497	1068583895	10503985565
10507985497	1068683891	10507985719
10511985497	1068783888	10511985565
10515985497	1068883888	10515985565
10519985497	1068983886	10519985719
10523985497	1069083883	10523985565
10527985497	1069183883	10527985565
10531985497	1069283880	10531985719
10535985497	1069383877	10535985565
10539985497	1069483877	10539985565
10543985742	1069583883	10543985995
10547985497	1069683873	10547985565
10551985538	1069783874	10551985606
10555985497	1069883869	10555985670
10559985497	1069983868	10559985565
10563985497	1070083868	10563985565
10567985497	1070183869	10567985615
10571985497	1070283863	10571985638
10575985497	1070383862	10575985565
10579985497	1070483862	10579985565
10583985497	1070583861	10583985719
10587985497	1070683858	10587985565
10591985605	1070783861	10591985673
10595985497	1070883855	10595985719
10599985497	1070983852	10599985565
10603985497	1071083852	10603985565
10607985497	1071183850	10607985719
10611985497	1071283847	10611985565
10615985497	1071383847	10615985565
10619985497	1071483843	10619985670
10623985497	1071583842	10623985565
10627985497	1071683842	10627985565
10631985782	1071783847	10631986036
10635985497	1071883836	10635985565
10639985497	1071983836	10639985565
10643985497	1072083834	10643985719
10647985497	1072183831	10647985565
10651985497	1072283831	10651985565
10655985497	1072383829	10655985719
10659985497	1072483826	10659985565
10663985497	1072583826	10663985565
10667985497	1072683823	10667985719
10671985497	1072783820	10671985565
10675985497	1072883820	10675985565
10679985497	1072983818	10679985719
10683985497	1073083815	10683985565
10687985497	1073183815	10687985565
10691985605	1073283814	10691985778
10695985497	1073383810	10695985565
10699985497	1073483810	10699985565
10703985497	1073583808	10703985719
10707985497	1073683805	10707985565
10711985497	1073783805	10711985565
10715985497	1073883803	10715985719
10719985497	1073983800	10719985565
10723985497	1074083800	10723985565
10727985497	1074183798	10727985719
10731985497	1074283795	10731985565
10735985497	1074383795	10735985565
10739985497	1074483795	10739985565
10743985497	1074583793	10743985719
10747985497	1074683790	10747985565
10751985497	1074783790	10751985565
10755985605	1074883786	10755985778
10759985497	1074983782	10759985565
10763985497	1075083782	10763985565
10767985497	1075183782	10767985719
10771985497	1075283779	10771985565
10775985497	1075383779	10775985565
10779985497	1075483776	10779985719
10783985497	1075583773	10783985565
10787985497	1075683773	10787985565
10791985538	1075783773	10791985760
10795985497	1075883769	10795985565
10799985497	1075983769	10799985565
10803985497	1076083767	10803985719
10807985497	1076183764	10807985565
10811985497	1076283764	10811985565
10815985605	1076383762	10815985778
10819985497	1076483758	10819985565
10823985497	1076583758	10823985565
10827985660	1076683761	10827985914
10831985620	1076783756	10831985688
10835985497	1076883753	10835985565
10839985497	1076983751	10839985719
10843985497	1077083748	10843985565
10847985497	1077183748	10847985565
10851985497	1077283746	10851985719
10855985497	1077383743	10855985565
10859985497	1077483743	10859985565
10863985497	1077583740	10863985719
10867985497	1077683737	10867985565
10871985497	1077783737	10871985565
10875985497	1077883735	10875985719
10879985497	1077983732	10879985565
10883985497	1078083732	10883985565
10887985605	1078183730	10887985778
10891985497	1078283726	10891985565
10895985497	1078383726	10895985565
10899985497	1078483724	10899985719
10903985497	1078583721	10903985565
10907985497	1078683721	10907985565
10911985497	1078783724	10911985719
10915985497	1078883716	10915985565
10919985497	1078983716	10919985565
10923985497	1079083716	10923985565
10927985497	1079183714	10927985719
10931985497	1079283711	10931985565
10935985497	1079383711	10935985565
10939985497	1079483706	10939985565
10943985497	1079583706	10943985565
10947985497	1079683706	10947985565
10951985700	1079783708	10951985873
10955985497	1079883701	10955985565
10959985497	1079983701	10959985565
10963985579	1080083701	10963985832
10967985497	1080183695	10967985565
10971985497	1080283695	10971985565
10975985497	1080383693	10975985719
10979985497	1080483690	10979985565
10983985497	1080583690	10983985565
10987985497	1080683688	10987985719
10991985700	1080783690	10991985768
10995985497	1080883685	10995985565
10999985497	1080983683	10999985719
11003985497	1081083680	11003985565
11007985497	1081183680	11007985565
11011985497	1081283676	11011985670
11015985497	1081383675	11015985565
11019985497	1081483675	11019985565
11023985497	1081583672	11023985719
11027985497	1081683669	11027985565
11031985605	1081783672	11031985673
11035985742	1081883672	11035985995
11039985497	1081983662	11039985565
11043985497	1082083662	11043985565
11047985497	1082183661	11047985719
11051985497	1082283658	11051985565
11055985497	1082383658	11055985565
11059985497	1082483657	11059985719
11063985497	1082583654	11063985565
11067985497	1082683654	11067985565
11071985538	1082783652	11071985760
11075985497	1082883648	11075985565
11079985497	1082983648	11079985565
11083985497	1083083648	11083985565
11087985497	1083183646	11087985719
11091985497	1083283643	11091985565
11095985497	1083383643	11095985565
11099985605	1083483642	11099985778
11103985497	1083583638	11103985565
11107985497	1083683638	11107985565
11111985538	1083783636	11111985760
11115985497	1083883632	11115985565
11119985497	1083983632	11119985565
11123985497	1084083631	11123985719
11127985497	1084183628	11127985565
11131985497	1084283628	11131985565
11135985497	1084383625	11135985719
11139985497	1084483622	11139985565
11143985497	1084583622	11143985565
11147985497	1084683620	11147985719
11151985497	1084783617	11151985565
11155985497	1084883617	11155985565
11159985605	1084983615	11159985778
11163985497	1085083611	11163985565
11167985497	1085183611	11167985565
11171985497	1085283607	11171985719
11175985497	1085383604	11175985565
11179985497	1085483604	11179985565
11183985497	1085583604	11183985719
11187985497	1085683601	11187985565
11191985497	1085783601	11191985565
11195985497	1085883599	11195985719
11199985497	1085983596	11199985565
11203985497	1086083596	11203985565
11207985497	1086183593	11207985719
11211985497	1086283590	11211985565
11215985497	1086383590	11215985565
11219985605	1086483588	11219985778
11223985497	1086583584	11223985565
11227985497	1086683584	11227985565
11231985701	1086783589	11231985955
11235985497	1086883580	11235985565
11239985497	1086983580	11239985565
11243985497	1087083578	11243985719
11247985497	1087183575	11247985565
11251985497	1087283575	11251985565
11255985497	1087383575	11255985565
11259985497	1087483573	11259985719
11263985497	1087583570	11263985565
11267985497	1087683570	11267985565
11271985523	1087783568	11271985745
11275985497	1087883564	11275985565
11279985497	1087983564	11279985565
11283985497	1088083562	11283985719
11287985497	1088183559	11287985565
11291985497	1088283559	11291985565
11295985579	1088383555	11295985751
11299985497	1088483552	11299985565
11303985497	1088583552	11303985565
11307985497	1088683552	11307985719
11311985523	1088783550	11311985592
11315985497	1088883549	11315985565
11319985497	1088983547	11319985719
11323985497	1089083544	11323985565
11327985497	1089183544	11327985565
11331985497	1089283542	11331985719
11335985497	1089383539	11335985565
11339985497	1089483539	11339985565
11343985497	1089583537	11343985719
11347985497	1089683534	11347985565
11351985497	1089783534	11351985565
11355985620	1089883533	11355985792
11359985497	1089983528	11359985565
11363985497	1090083528	11363985565
11367985497	1090183526	11367985719
11371985497	1090283523	11371985565
11375985497	1090383523	11375985565
11379985660	1090483526	11379985914
11383985497	1090583518	11383985565
11387985497	1090683518	11387985565
11391985620	1090783518	11391985842
11395985497	1090883511	11395985565
11399985497	1090983511	11399985565
11403985497	1091083511	11403985719
11407985497	1091183508	11407985565
11411985497	1091283508	11411985565
11415985523	1091383504	11415985696
11419985497	1091483502	11419985565
11423985497	1091583502	11423985565
11427986420	1091683525	11427986488
11431985701	1091783506	11431985955
11435985497	1091883497	11435985565
11439985497	1091983497	11439985565
11443985523	1092083494	11443985745
11447985497	1092183490	11447985565
11451985497	1092283490	11451985565
11455985497	1092383489	11455985719
11459985497	1092483486	11459985565
11463985497	1092583486	11463985565
11467985497	1092683484	11467985719
11471985497	1092783481	11471985565
11475985497	1092883481	11475985565
11479985497	1092983478	11479985719
11483985497	1093083475	11483985565
11487985497	1093183475	11487985565
11491985579	1093283473	11491985751
11495985497	1093383470	11495985565
11499985497	1093483470	11499985565
11503985523	1093583469	11503985745
11507985497	1093683465	11507985565
11511985538	1093783466	11511985606
11515985497	1093883462	11515985719
11519985497	1093983459	11519985565
11523985497	1094083459	11523985565
11527985497	1094183458	11527985719
11531985497	1094283455	11531985565
11535985497	1094383455	11535985565
11539985497	1094483453	11539985719
11543985497	1094583450	11543985565
11547985497	1094683450	11547985565
11551985579	1094783447	11551985751
11555985497	1094883444	11555985565
11559985497	1094983444	11559985565
11563985523	1095083443	11563985745
11567985497	1095183439	11567985565
11571985497	1095283439	11571985565
11575985497	1095383438	11575985719
11579985497	1095483435	11579985565
11583985497	1095583435	11583985565
11587985497	1095683432	11587985719
11591985497	1095783429	11591985565
11595985497	1095883429	11595985565
11599985497	1095983429	11599985565
11603985497	1096083426	11603985719
11607985497	1096183423	11607985565
11611985497	1096283423	11611985565
11615985579	1096383421	11615985751
11619985497	1096483418	11619985565
11623985497	1096583418	11623985565
11627985523	1096683417	11627985745
11631985538	1096783414	11631985606
11635985497	1096883413	11635985565
11639985742	1096983418	11639985995
11643985497	1097083408	11643985565
11647985497	1097183408	11647985565
11651985497	1097283405	11651985719
11655985497	1097383402	11655985565
11659985497	1097483402	11659985565
11663985497	1097583400	11663985719
11667985497	1097683397	11667985565
11671985538	1097783398	11671985606
11675985497	1097883395	11675985719
11679985497	1097983392	11679985565
11683985497	1098083392	11683985565
11687985497	1098183389	11687985719
11691985497	1098283386	11691985565
11695985497	1098383386	11695985565
11699985605	1098483386	11699985778
11703985497	1098583382	11703985565
11707985497	1098683382	11707985565
11711985538	1098783381	11711985760
11715985497	1098883377	11715985565
11719985497	1098983377	11719985565
11723985497	1099083374	11723985719
11727985497	1099183371	11727985565
11731985497	1099283371	11731985565
11735985497	1099383369	11735985719
11739985497	1099483366	11739985565
11743985497	1099583366	11743985565
11747985497	1099683363	11747985719
11751985497	1099783360	11751985565
11755985521	1099883360	11755985589
11759985742	1099983370	11759985964
11763985538	1100083359	11763985760
11767985497	1100183355	11767985565
11771985497	1100283355	11771985565
11775985605	1100383356	11775985827
11779985497	1100483350	11779985565
11783985497	1100583350	11783985565
11787985497	1100683347	11787985719
11791985497	1100783344	11791985565
11795985497	1100883344	11795985565
11799985497	1100983343	11799985719
11803985497	1101083340	11803985565
11807985497	1101183340	11807985565
11811985497	1101283336	11811985719
11815985497	1101383333	11815985565
11819985497	1101483333	11819985565
11823985620	1101583333	11823985761
11827985497	1101683328	11827985565
11831985497	1101783328	11831985565
11835985782	1101883334	11835986036
11839985497	1101983323	11839985565
11843985497	1102083323	11843985565
11847985497	1102183322	11847985719
11851985497	1102283319	11851985565
11855985497	1102383319	11855985565
11859985497	1102483317	11859985719
11863985497	1102583314	11863985565
11867985497	1102683314	11867985565
11871985497	1102783311	11871985719
11875985497	1102883308	11875985565
11879985497	1102983308	11879985565
11883985497	1103083305	11883985719
11887985497	1103183302	11887985565
11891985497	1103283302	11891985565
11895985605	1103383303	11895985778
11899985497	1103483299	11899985565
11903985497	1103583299	11903985565
11907985497	1103683295	11907985719
11911985497	1103783292	11911985565
11915985497	1103883292	11915985565
11919985500	1103983291	11919985722
11923985497	1104083287	11923985565
11927985497	1104183287	11927985565
11931985497	1104283288	11931985638
11935985497	1104383282	11935985615
11939985497	1104483281	11939985565
11943985497	1104583281	11943985565
11947985497	1104683277	11947985638
11951985497	1104783276	11951985565
11955985497	1104883276	11955985565
11959985700	1104983278	11959985873
11963985497	1105083271	11963985565
11967985497	1105183271	11967985565
11971985497	1105283268	11971985719
11975985497	1105383265	11975985565
11979985497	1105483265	11979985565
11983985497	1105583264	11983985719
11987985497	1105683261	11987985565
11991985497	1105783261	11991985565
11995985497	1105883258	11995985719
