164	527122630	19583
3985403	527222093	3997751
7985403	527322186	8003179
11985403	527422115	11998006
15985403	527522112	15997701
19985403	527622073	19995864
23985444	527722133	23998799
27985403	527822089	27996614
31985403	527922118	31998346
35985403	528022077	35996078
39985403	528122106	39997480
43985403	528222077	43995980
47985403	528322106	47997485
51985403	528422077	51995980
55985403	528522212	56004273
59985403	528622100	59997316
63985444	528722133	63998879
67985403	528822084	67996278
71985403	528922127	71998918
75985403	529022082	75996175
79985403	529122103	79997396
83985403	529222080	83995998
87985403	529322103	87997389
91985403	529422080	91996001
95985403	529522103	95997393
99985403	529622080	99996001
103985485	529722211	104003514
107985403	529822101	107998280
111985403	529921972	111988787
115985403	530022091	115996510
119985401	530122011	119990173
123985403	530222104	123997015
127985403	530322073	127996091
131985403	530422101	131996913
135985403	530522081	135996562
139985403	530622101	139996924
143985444	530722117	143998633
147985403	530822114	147997793
151985403	530922109	151997269
155985403	531022217	156004694
159985403	531122090	159996965
163985403	531222114	163997811
167985403	531322072	167995761
171985403	531422112	171997856
175985403	531522080	175996051
179985403	531622106	179997607
183985444	531722129	183998970
187985403	531822107	187997433
191985403	531922127	191998011
195985403	532021970	195988633
199985403	532122088	199996613
203985403	532222223	204004664
207985403	532322085	207996941
211985403	532422114	211997690
215985403	532522072	215995884
219985403	532622113	219997733
223985444	532722120	223998673
227985403	532822103	227997351
231985403	532922075	231996186
235985403	533022120	235998601
239985403	533122077	239996196
243985403	533222106	243997356
247985403	533322077	247996141
251985403	533422224	252004776
255985403	533522086	255996831
259985403	533622113	259997761
263985444	533722116	263998439
267985403	533821966	267988309
271985403	533922079	271996240
275985403	534022126	275998941
279985403	534122071	279995842
283985403	534221961	283988119
287985403	534322085	287996322
291985403	534422075	291995793
295985403	534522108	295997662
299985403	534622067	299995793
303985444	534722230	304005380
307985403	534822085	307996874
311985403	534922114	311997848
315985403	535022114	315997487
319985403	535122116	319998253
323985403	535222079	323996066
327985403	535322107	327997607
331985403	535422079	331996038
335985403	535522107	335997603
339985403	535622079	339996046
343985403	535722149	343999693
347985403	535822079	347996117
351985403	535922216	352004475
355985403	536022136	355998685
359985403	536122124	359998273
363985403	536222072	363995915
367985403	536322104	367997263
371985403	536422079	371996157
375985403	536522105	375997251
379985403	536622079	379996231
383985444	536722194	384001000
387985403	536822082	387996144
391985403	536922101	391996999
395985403	537022078	395995989
399985403	537122108	399997506
403985403	537222076	403995913
407985403	537322103	407997083
411985403	537422078	411995987
415985403	537522102	415997070
419985403	537622076	419995917
423985403	537722141	423998672
427985403	537822081	427996073
431985525	537922224	432005025
435985403	538022095	435997228
439985403	538122202	440001314
443985403	538222076	443995860
447985403	538322105	447997111
451985403	538422075	451995831
455985403	538521940	455987303
459985403	538622107	459997153
463985403	538722092	463997591
467985403	538822120	467997713
471985403	538922079	471996111
475985403	539022106	475997058
479985403	539122123	479997872
483985403	539222126	483998302
487985403	539322068	487995553
491985444	539422225	492005480
495985403	539522084	495996740
499985403	539622110	499997494
503985403	539722109	503998523
507985403	539822114	507997655
511985403	539922072	511995909
515985403	540022118	515997807
519985403	540122071	519995940
523985403	540222126	523998693
527985403	540322071	527996008
531985403	540422112	531997525
535985403	540522071	535995929
539985403	540621964	539988239
543985444	540722225	544004380
547985403	540822113	547997330
551985403	540922072	551995703
555985566	541022189	556001603
559985403	541122077	559996265
563985403	541222116	563998003
567985403	541322074	567995987
571985403	541422106	571997301
575985403	541522074	575996036
579985403	541622106	579997298
583985444	541722132	583999146
587985403	541822115	587997470
591985403	541922077	591996094
595985403	542021956	595987915
599985403	542122227	600004575
603985403	542222125	603998254
607985403	542322070	607995725
611985403	542422113	611997526
615985403	542522069	615995687
619985403	542622113	619997530
623985444	542722118	623998652
627985403	542821967	627988361
631985403	542922088	631996480
635985403	543022071	635995640
639985403	543122110	639997472
643985403	543222109	643997210
647985403	543322116	647998000
651985403	543422072	651995831
655985403	543522228	656005088
659985403	543622084	659996792
663985444	543722141	663999427
667985403	543822074	667996168
671985403	543922111	671997494
675985403	544022069	675995663
679985403	544122118	679997888
683985403	544222070	683995731
687985403	544322126	687998798
691985403	544422070	691995784
695985403	544522112	695997616
699985403	544622070	699995722
703985403	544722214	704004363
707985403	544822092	707997112
711985403	544922110	711997401
715985403	545022073	715996035
719985403	545122109	719997393
723985403	545222073	723996037
727985403	545322111	727997885
731985403	545422069	731996084
735985403	545522109	735997351
739985403	545622073	739996031
743985444	545722145	743999536
747985403	545822073	747995997
751985403	545922221	752005085
755985403	546022086	755996591
759985403	546122111	759997530
763985403	546222072	763995744
767985403	546322121	767998409
771985403	546422072	771995843
775985403	546522111	775997662
779985403	546622071	779995743
783985444	546722148	783999495
787985403	546822072	787995860
791985403	546922110	791997317
795985403	547022069	795995664
799985403	547121956	799987917
803985403	547222218	804004550
807985403	547322141	807998645
811985403	547422111	811997498
815985403	547522078	815996102
819985403	547622100	819996842
823985444	547722119	823998868
827985403	547822117	827997918
831985403	547922068	831995861
835985403	548022112	835997438
839985403	548122071	839995852
843985403	548222112	843997447
847985403	548322071	847995845
851985403	548422226	852005133
855985403	548522086	855996648
859985403	548622111	859997567
863985444	548722110	863998413
867985403	548822112	867997659
871985403	548922071	871995682
875985403	549022116	875997883
879985403	549122070	879995652
883985403	549222112	883997685
887985403	549322068	887995597
891985525	549422213	892001826
895985403	549522073	895995734
899985403	549622106	899997160
903985403	549722093	903997527
907985403	549822122	907997578
911985403	549922075	911995890
915985525	550022217	916002027
919985403	550122073	919995746
923985444	550222210	924001569
927985403	550322074	927995745
931985403	550422112	931997624
935985403	550522074	935995774
939985403	550622108	939997264
943985403	550722100	943997931
947985403	550822122	947997707
951985403	550922074	951995893
955985403	551022105	955996935
959985403	551122074	959995892
963985403	551221942	963987378
967985606	551322217	968002074
971985403	551421952	971987804
975985403	551522095	975996792
979985403	551622078	979995944
983985403	551722135	983999575
987985403	551822089	987996660
991985403	551922109	991997302
995985403	552022074	995995944
999985403	552122106	999997200
1003985403	552222074	1003995936
1007985403	552322106	1007997197
1011985403	552422105	1011997161
1015985444	552522228	1016005260
1019985403	552622086	1019996870
1023985403	552722141	1023998983
1027985403	552822071	1027995899
1031985403	552922108	1031997274
1035985403	553022071	1035995840
1039985403	553122116	1039997625
1043985403	553222074	1043995955
1047985403	553322110	1047997346
1051985403	553422073	1051995955
1055985403	553522124	1055998277
1059985403	553622073	1059996204
1063985444	553722215	1064004153
1067985403	553822093	1067997488
1071985403	553922110	1071997446
1075985403	554022073	1075995963
1079985403	554122108	1079997398
1083985403	554222073	1083996012
1087985403	554322108	1087997400
1091985403	554422073	1091996009
1095985403	554522115	1095997896
1099985403	554622074	1099996138
1103985403	554722143	1103999368
1107985403	554822076	1107996325
1111985444	554922218	1112004707
1115985403	555022090	1115997097
1119985403	555122107	1119997333
1123985403	555222073	1123995925
1127985403	555322112	1127997617
1131985403	555422074	1131996010
1135985403	555521966	1135988502
1139985403	555622086	1139996200
1143985398	555722060	1143992173
1147985403	555822112	1147997409
1151985403	555922070	1151995668
1155985403	556022104	1155996899
1159985403	556122071	1159995923
1163985444	556222222	1164004464
1167985403	556322091	1167997356
1171985403	556422109	1171997204
1175985403	556522115	1175997730
1179985403	556622114	1179997757
1183985403	556722111	1183998627
1187985403	556822120	1187998033
1191985403	556922071	1191995815
1195985403	557022114	1195997693
1199985403	557122070	1199995811
1203985403	557222112	1203997612
1207985403	557322070	1207995806
1211985403	557421964	1211988239
1215985444	557522267	1216005897
1219985403	557622125	1219998160
1223985403	557722108	1223997941
1227985403	557822121	1227998110
1231985403	557922072	1231995680
1235985403	558022114	1235997807
1239985403	558122070	1239995598
1243985403	558222112	1243997730
1247985403	558322070	1247995601
1251985403	558422108	1251997732
1255985403	558522066	1255995601
1259985403	558622114	1259998080
1263985403	558722106	1263997850
1267985403	558821978	1267988791
1271985444	558922199	1272003673
1275985403	559022131	1275998322
1279985403	559122069	1279995554
1283985403	559222116	1283997843
1287985403	559322070	1287995598
1291985403	559422113	1291997654
1295985403	559522069	1295995555
1299985403	559622113	1299997802
1303985403	559722114	1303998551
1307985403	559821970	1307988467
1311985403	559922094	1311996692
1315985403	560022069	1315995549
1319985403	560122111	1319997629
1323985403	560222071	1323995664
1327985444	560322214	1328004488
1331985403	560422099	1331997324
1335985403	560522114	1335997745
1339985403	560622115	1339997734
1343985403	560722151	1344000157
1347985403	560822080	1347996418
1351985403	560922113	1351997704
1355985403	561022069	1355995682
1359985403	561122112	1359997701
1363985403	561222070	1363995743
1367985403	561322112	1367997695
1371985403	561422070	1371995749
1375985606	561522219	1376002192
1379985403	561622120	1379997803
1383985403	561722141	1383998850
1387985403	561822075	1387996043
1391985403	561922105	1391996943
1395985403	562022074	1395995966
1399985403	562122105	1399996953
1403985403	562222074	1403995976
1407985403	562322105	1407996943
1411985403	562422074	1411995965
1415985403	562522105	1415996948
1419985403	562622105	1419997192
1423985444	562722220	1424004088
1427985403	562822094	1427997807
1431985403	562922106	1431997158
1435985403	563022074	1435996134
1439985403	563122107	1439997292
1443985403	563222074	1443996139
1447985403	563322103	1447997289
1451985403	563422070	1451996131
1455985403	563522107	1455997285
1459985403	563622074	1459996129
1463985403	563722150	1463999565
1467985403	563822074	1467996667
1471985444	563922224	1472004828
1475985403	564022086	1475996923
1479985403	564121960	1479988086
1483985566	564222215	1484001876
1487985403	564322076	1487995918
1491985403	564422098	1491996657
1495985403	564522078	1495995971
1499985444	564622209	1500001584
1503985403	564722151	1503999532
1507985403	564822125	1507998213
1511985403	564922082	1511996372
1515985403	565022103	1515996924
1519985403	565122077	1519996186
1523985525	565222215	1524001886
1527985403	565322076	1527995862
1531985403	565422197	1532001097
1535985403	565522074	1535995798
1539985403	565622104	1539997154
1543985403	565722094	1543997515
1547985403	565822125	1547998127
1551985403	565922079	1551996125
1555985403	566022101	1555996751
1559985403	566122072	1559995833
1563985403	566222105	1563996938
1567985403	566322075	1567995948
1571985403	566422102	1571996832
1575985403	566522072	1575995828
1579985444	566622221	1580004871
1583985403	566722124	1583999035
1587985525	566822213	1588001902
1591985403	566922074	1591995788
1595985403	567022104	1595997088
1599985403	567122075	1599995834
1603985403	567222106	1603997171
1607985403	567322076	1607995835
1611985403	567422106	1611997170
1615985403	567522075	1615995836
1619985403	567622106	1619997170
1623985403	567722094	1623997574
1627985403	567822125	1627998129
1631985403	567922080	1631996127
1635985444	568022228	1636005334
1639985403	568122085	1639996674
1643985403	568222108	1643997370
1647985403	568322071	1647995930
1651985403	568421964	1651988245
1655985403	568522089	1655996551
1659985403	568622073	1659995914
1663985403	568722140	1663999595
1667985403	568822122	1667997920
1671985403	568921976	1671988863
1675985403	569022090	1675996509
1679985403	569122104	1679997146
1683985403	569222072	1683995802
1687985485	569321998	1687989673
1691985444	569422196	1692002779
1695985403	569522128	1695998033
1699985403	569622072	1699995924
1703985403	569722133	1703998322
1707985403	569822129	1707998304
1711985403	569922119	1711997988
1715985403	570022070	1715995959
1719985403	570122110	1719997231
1723985403	570222072	1723995920
1727985403	570322108	1727997135
1731985403	570422072	1731995917
1735985403	570522108	1735997146
1739985403	570622072	1739995920
1743985444	570722201	1744003688
1747985403	570822162	1747999884
1751985403	570922111	1751997618
1755985403	571022075	1755996045
1759985403	571122101	1759997014
1763985403	571222075	1763996050
1767985403	571322106	1767997244
1771985403	571422075	1771996095
1775985403	571522100	1775997008
1779985403	571622075	1779996041
1783985606	571722207	1784001969
1787985403	571822082	1787996566
1791985403	571922223	1792004979
1795985403	572022087	1795996837
1799985403	572122112	1799997673
1803985403	572222070	1803995580
1807985403	572322113	1807997756
1811985403	572422069	1811995619
1815985403	572522113	1815997749
1819985403	572622069	1819995620
1823985444	572721980	1823988941
1827985403	572822093	1827996598
1831985403	572922121	1831997719
1835985403	573022120	1835998017
1839985403	573122069	1839995963
1843985403	573222216	1844004498
1847985403	573322091	1847997235
1851985403	573422107	1851997359
1855985403	573522073	1855995915
1859985403	573622109	1859997485
1863985444	573722109	1863998298
1867985403	573822112	1867997620
1871985403	573922072	1871995864
1875985403	574022126	1875998611
1879985403	574122071	1879996027
1883985403	574222112	1883997566
1887985403	574322071	1887995851
1891985403	574422220	1892004968
1895985403	574522085	1895996799
1899985403	574622111	1899997735
1903985444	574722111	1903998226
1907985403	574822112	1907997706
1911985403	574922071	1911995633
1915985403	575022132	1915998984
1919985403	575122069	1919995730
1923985403	575222112	1923997730
1927985403	575322069	1927995554
1931985403	575422112	1931997727
1935985403	575522069	1935995555
1939985403	575622218	1940004719
1943985444	575722119	1943998843
1947985403	575822128	1947998667
1951985403	575922072	1951995760
1955985403	576022124	1955998613
1959985403	576122070	1959995797
1963985403	576222114	1963997734
1967985403	576322070	1967995679
1971985403	576422112	1971997648
1975985403	576522070	1975995679
1979985403	576622112	1979997655
1983985403	576722101	1983997660
1987985403	576821975	1987988687
1991985403	576922206	1992004006
1995985403	577021981	1995988988
1999985403	577122090	1999996704
2003985403	577222068	2003995553
2007985403	577322113	2007997711
2011985403	577422069	2011995627
2015985403	577521964	2015988239
2019985403	577622087	2019996527
2023985444	577722143	2023999881
2027985403	577822084	2027996448
2031985403	577922114	2031997723
2035985403	578022103	2035997075
2039985403	578122222	2040004899
2043985403	578222087	2043996844
2047985403	578322110	2047997611
2051985403	578422070	2051995685
2055985403	578522112	2055997744
2059985403	578622071	2059995747
2063985444	578722130	2063998479
2067985403	578822075	2067995974
2071985403	578921958	2071987996
2075985403	579022129	2075998161
2079985403	579122117	2079998152
2083985403	579222073	2083995983
2087985403	579322217	2088004876
2091985403	579422083	2091996787
2095985403	579522108	2095997435
2099985403	579622072	2099995800
2103985444	579722131	2103998812
2107985403	579822075	2107995816
2111985403	579922107	2111997435
2115985403	580022072	2115995680
2119985403	580122123	2119998657
2123985403	580222072	2123995800
2127985403	580322109	2127997559
2131985403	580422072	2131995686
2135985403	580522221	2136004962
2139985403	580622088	2139996794
2143985444	580722129	2143998589
2147985606	580822042	2147992129
2151985525	580922036	2151991686
2155985403	581022123	2155997692
2159985403	581121966	2159988576
2163985403	581222084	2163996060
2167985398	581322017	2167990400
2171985403	581422102	2171996799
2175985403	581522069	2175995897
2179985403	581622105	2179996973
2183985403	581722121	2183998544
2187985403	581822116	2187997528
2191985403	581922070	2191996116
2195985403	582022107	2195997124
2199985403	582122102	2199997164
2203985525	582222204	2204004634
2207985403	582322105	2207997745
2211985403	582422110	2211997594
2215985403	582522075	2215995878
2219985403	582622109	2219997737
2223985403	582722128	2223999031
2227985403	582822101	2227997134
2231985403	582922081	2231996103
2235985403	583022103	2235997365
2239985403	583122122	2239997852
2243985403	583222115	2243998371
2247985403	583322081	2247996204
2251985403	583421962	2251988202
2255985444	583522195	2256003509
2259985403	583622111	2259997424
2263985403	583722121	2263998782
2267985403	583822108	2267997349
2271985403	583922077	2271995983
2275985403	584021961	2275988126
2279985403	584122126	2279998000
2283985403	584222118	2283998304
2287985403	584322075	2287995903
2291985403	584422105	2291997190
2295985403	584522077	2295996070
2299985403	584622106	2299997266
2303985403	584722116	2303998643
2307985444	584822213	2308004303
2311985403	584922095	2311997398
2315985403	585022107	2315997452
2319985403	585122077	2319996045
2323985403	585222113	2323998013
2327985403	585322081	2327996387
2331985403	585421962	2331988158
2335985403	585522084	2335996383
2339985403	585622076	2339995987
2343985403	585722141	2343999687
2347985403	585822095	2347997143
2351985403	585922107	2351997340
2355985403	586022075	2355996009
2359985444	586122217	2360004648
2363985403	586222150	2363999185
2367985403	586322112	2367998006
2371985403	586422076	2371995917
2375985403	586522108	2375997665
2379985403	586622082	2379996153
2383985403	586722136	2383999292
2387985403	586822085	2387996645
2391985403	586922103	2391997096
2395985403	587022082	2395996169
2399985403	587122102	2399997146
2403985403	587222082	2403996168
2407985444	587322219	2408004675
2411985403	587422089	2411997450
2415985403	587522114	2415997610
2419985403	587622073	2419995880
2423985403	587722130	2423998944
2427985403	587822082	2427996427
2431985403	587922102	2431997247
2435985403	588022078	2435995969
2439985403	588122104	2439997445
2443985403	588222079	2443996066
2447985403	588322118	2447998615
2451985403	588422079	2451996127
2455985444	588522218	2456004757
2459985403	588622097	2459997406
2463985403	588722131	2463998550
2467985403	588822083	2467996276
2471985403	588922115	2471997842
2475985403	589022081	2475996081
2479985403	589122103	2479997309
2483985403	589222082	2483996122
2487985403	589322118	2487998521
2491985403	589422082	2491996174
2495985403	589522104	2495997313
2499985403	589622081	2499996112
2503985403	589721976	2503988741
2507985444	589822209	2508003518
2511985403	589922098	2511998265
2515985403	590022104	2515997107
2519985403	590122084	2519996463
2523985403	590222095	2523996941
2527985403	590322125	2527998224
2531985403	590422098	2531997135
2535985403	590522089	2535996848
2539985403	590622094	2539996743
2543985403	590722123	2543998708
2547985403	590822112	2547997959
2551985403	590922081	2551996196
2555985444	591022220	2556004996
2559985403	591122092	2559997125
2563985403	591222109	2563997715
2567985403	591322075	2567995777
2571985403	591422115	2571998384
2575985403	591522082	2575996112
2579985403	591622103	2579997574
2583985403	591722136	2583999450
2587985403	591822111	2587997765
2591985403	591922082	2591996108
2595985606	592022200	2596002196
2599985403	592122089	2599996863
2603985403	592222221	2604004522
2607985403	592322089	2607997067
2611985403	592422122	2611998337
2615985403	592522073	2615995878
2619985403	592622110	2619997563
2623985444	592722119	2623998940
2627985403	592822121	2627998046
2631985403	592922073	2631995832
2635985403	593022110	2635997496
2639985403	593122073	2639995823
2643985403	593222110	2643997495
2647985403	593322073	2647995828
2651985403	593422225	2652004873
2655985403	593522084	2655996925
2659985403	593621964	2659988244
2663985444	593722115	2663997788
2667985403	593822113	2667997520
2671985403	593922071	2671995677
2675985403	594021964	2675988239
2679985403	594122089	2679996515
2683985403	594222070	2683995610
2687985403	594322113	2687997596
2691985403	594422115	2691997692
2695985403	594522122	2695998392
2699985403	594622071	2699995872
2703985444	594722230	2704005292
2707985403	594822084	2707996720
2711985403	594921966	2711988318
2715985403	595022085	2715996337
2719985403	595122110	2719997671
2723985403	595222070	2723995649
2727985403	595322111	2727997722
2731985403	595422070	2731995729
2735985403	595522117	2735998252
2739985403	595622071	2739995791
2743985403	595722135	2743998920
2747985403	595822074	2747995855
2751985403	595921958	2751987996
2755985403	596022214	2756004480
2759985403	596122111	2759997548
2763985403	596222072	2763995762
2767985403	596322113	2767997720
2771985403	596422074	2771995814
2775985403	596522111	2775998019
2779985403	596622068	2779995774
2783985444	596722138	2783999036
2787985403	596822073	2787995718
2791985403	596922107	2791997271
2795985403	597022069	2795995593
2799985403	597122109	2799997400
2803985403	597222070	2803995598
2807985403	597322219	2808004455
2811985403	597422089	2811997125
2815985403	597522118	2815998000
2819985403	597622072	2819995984
2823985444	597722138	2823999308
2827985403	597822075	2827995944
2831985403	597922109	2831997441
2835985403	598022071	2835995764
2839985403	598121962	2839988160
2843985403	598221935	2843987090
2847985403	598321948	2847987610
2851985403	598422061	2851995709
2855985403	598522086	2855996824
2859985403	598622218	2860004912
2863985444	598722119	2863998810
2867985403	598822124	2867998578
2871985403	598922072	2871995679
2875985403	599022116	2875997925
2879985403	599122070	2879995595
2883985403	599222112	2883997727
2887985403	599322069	2887995595
2891985403	599422112	2891997726
2895985403	599522070	2895995595
2899985403	599621974	2899988780
2903985403	599722106	2903997527
2907985403	599822221	2908004823
2911985403	599922081	2911996684
2915985403	600022113	2915997643
2919985403	600122069	2919995750
2923985403	600222115	2923997785
2927985403	600322072	2927995935
2931985403	600422113	2931997702
2935985403	600522068	2935995739
2939985403	600622119	2939998195
2943985444	600722109	2943998704
2947985403	600822119	2947997956
2951985403	600922071	2951995834
2955985403	601022127	2956004905
2959985403	601121994	2959996783
2963985403	601222112	2963997772
2967985403	601322070	2967995597
2971985403	601422112	2971997826
2975985403	601522071	2975995668
2979985403	601622118	2979998383
2983985444	601722121	2983999142
2987985403	601822119	2987998115
2991985403	601922072	2991995672
2995985403	602022112	2995997700
2999985403	602122071	2999995663
3003985403	602221964	3003988239
3007985606	602322031	3007998625
3011985403	602421969	3011988450
3015985403	602522079	3015995972
3019985403	602621971	3019988620
3023985403	602722104	3023998238
3027985403	602822102	3027996995
3031985403	602922095	3031996734
3035985403	603022082	3035996348
3039985403	603122095	3039996767
3043985403	603222083	3043996378
3047985403	603322095	3047996767
3051985403	603422083	3051996382
3055985403	603522095	3055996774
3059985403	603622111	3059997599
3063985403	603721990	3063989540
3067985444	603822206	3068003229
3071985403	603922125	3071997855
3075985403	604022070	3075995765
3079985403	604122110	3079997341
3083985403	604222070	3083995757
3087985403	604322108	3087997261
3091985403	604422070	3091995708
3095985403	604522108	3095997256
3099985403	604622070	3099995703
3103985403	604722123	3103998248
3107985403	604822074	3107996245
3111985403	604922115	3111997470
3115985403	605022074	3115995974
3119985444	605122205	3120003540
3123985403	605222102	3123998320
3127985403	605322114	3127997467
3131985403	605422078	3131996403
3135985403	605522106	3135997255
3139985403	605622084	3139996561
3143985403	605722120	3143998432
3147985403	605822090	3147997427
3151985403	605922108	3151997306
3155985403	606022081	3155996350
3159985403	606122102	3159997180
3163985403	606222081	3163996352
3167985444	606322205	3168004393
3171985403	606422098	3171997717
3175985403	606522111	3175997581
3179985403	606622077	3179996036
3183985403	606721978	3183989058
3187985403	606822091	3187996761
3191985513	606922068	3191992416
3195985403	607022097	3195996669
3199985403	607122081	3199996301
3203985403	607222096	3203996769
3207985403	607322089	3207996763
3211985403	607422094	3211996691
3215985403	607522089	3215996771
3219985444	607622207	3220004340
3223985403	607722178	3224000924
3227985403	607822122	3227998526
3231985403	607922079	3231996087
3235985403	608022106	3235997524
3239985403	608122083	3239996240
3243985403	608222101	3243997273
3247985403	608322083	3247996271
3251985403	608422101	3251997278
3255985403	608522083	3255996266
3259985403	608622101	3259997285
3263985403	608722113	3263998189
3267985444	608822222	3268004977
3271985403	608922094	3271997210
3275985403	609022113	3275997715
3279985403	609122073	3279995779
3283985403	609222112	3283997821
3287985403	609322078	3287995996
3291985403	609422103	3291997565
3295985403	609522074	3295996021
3299985403	609622107	3299997566
3303985403	609722119	3303998548
3307985403	609822115	3307998542
3311985403	609922080	3311996355
3315985444	610022222	3316005073
3319985403	610122093	3319997072
3323985403	610221968	3323988400
3327985403	610322082	3327996315
3331985403	610422113	3331997913
3335985403	610522073	3335995738
3339985403	610622113	3339997918
3343985403	610722112	3343998187
3347985403	610822125	3347998702
3351985403	610922077	3351996003
3355985403	611021959	3355988046
3359985403	611122085	3359996419
3363985403	611222077	3363995868
3367985444	611322220	3368004949
3371985403	611422094	3371997205
3375985403	611522112	3375997706
3379985403	611622072	3379995782
3383985403	611722137	3383999560
3387985403	611822131	3387998177
3391985403	611922120	3391998585
3395985403	612022080	3395996136
3399985403	612122107	3399997597
3403985403	612222078	3403996031
3407985403	612322107	3407997601
3411985403	612422078	3411996027
3415985606	612522217	3416002117
3419985403	612622076	3419996185
3423985403	612721961	3423988141
3427985403	612822156	3427999241
3431985403	612922119	3431997864
3435985403	613022076	3435996061
3439985403	613122101	3439996821
3443985403	613222076	3443996061
3447985403	613322101	3447996812
3451985403	613422076	3451996056
3455985403	613522101	3455996811
3459985403	613622076	3459996060
3463985444	613722226	3464004606
3467985403	613822092	3467997350
3471985403	613922113	3471997814
3475985403	614022075	3475996120
3479985403	614122109	3479997446
3483985403	614222073	3483995953
3487985403	614322109	3487997442
3491985403	614422073	3491995948
3495985403	614522109	3495997441
3499985403	614622073	3499995954
3503985403	614722142	3503998998
3507985403	614822075	3507996458
3511985403	614921960	3511988069
3515985444	615022221	3516004577
3519985403	615122120	3519997687
3523985403	615222070	3523995655
3527985403	615321956	3527987917
3531985403	615422091	3531996570
3535985403	615522073	3535995720
3539985403	615622110	3539997394
3543985403	615722108	3543998270
3547985403	615822113	3547997629
3551985403	615922115	3551997964
3555985403	616022122	3555998135
3559985403	616122070	3559995772
3563985403	616222112	3563997544
3567985403	616322070	3567995777
3571985444	616422225	3572005050
3575985403	616522088	3575996922
3579985403	616622113	3579997733
3583985403	616722107	3583998285
3587985403	616822112	3587997704
3591985403	616922071	3591995721
3595985403	617022126	3595998741
3599985403	617122075	3599996075
3603985403	617222112	3603997658
3607985403	617322070	3607995701
3611985403	617422112	3611997648
3615985403	617522070	3615995706
3619985403	617621959	3619988046
3623985444	617722221	3624004225
3627985403	617822118	3627997723
3631985403	617922071	3631995704
3635985403	618022106	3635997754
3639985403	618122067	3639995704
3643985403	618222113	3643997585
3647985403	618322072	3647995708
3651985403	618422109	3651997433
3655985403	618522072	3655995705
3659985403	618622109	3659997436
3663985403	618722111	3663998296
3667985403	618822121	3667997926
3671985403	618922070	3671995709
3675985444	619022228	3676004857
3679985403	619122086	3679997033
3683985403	619222112	3683997668
3687985403	619322068	3687995655
3691985403	619422113	3691997720
3695985403	619522069	3695995660
3699985403	619621964	3699988239
3703985403	619722116	3703998228
3707985403	619822085	3707996841
3711985403	619922097	3711996889
3715985403	620022125	3715998235
3719985403	620122105	3719997468
3723985403	620222081	3723996260
3727985444	620322220	3728004784
3731985403	620422093	3731997160
3735985403	620522108	3735997445
3739985403	620622075	3739995909
3743985403	620722137	3743999529
3747985403	620822082	3747996362
3751985403	620922105	3751997280
3755985403	621022074	3755995957
3759985403	621122117	3759998311
3763985403	621222080	3763996289
3767985403	621322107	3767997362
3771985403	621422076	3771996027
3775985444	621522222	3776004887
3779985403	621622090	3779997018
3783985403	621722134	3783998799
3787985403	621822071	3787995798
3791985403	621922114	3791997716
3795985403	622022072	3795995770
3799985403	622122120	3799998495
3803985403	622222074	3803995986
3807985403	622322110	3807997528
3811985403	622422071	3811995717
3815985403	622522110	3815997526
3819985403	622622071	3819995709
3823985444	622722214	3824004095
3827985403	622822093	3827997433
3831985403	622921964	3831988238
3835985566	623022166	3836000424
3839985403	623122123	3839998126
3843985403	623222070	3843995619
3847985403	623322105	3847997333
3851985403	623422064	3851995579
3855985403	623522106	3855997329
3859985403	623622066	3859995621
3863985444	623722141	3863998865
3867985403	623822077	3867996252
3871985403	623921949	3871987689
3875985403	624022218	3876004226
3879985403	624122142	3879998997
3883985403	624222111	3883997632
3887985403	624322076	3887996182
3891985403	624422098	3891996848
3895985403	624522076	3895996127
3899985403	624622104	3899997104
3903985444	624722115	3903998942
3907985403	624822121	3907998107
3911985403	624922071	3911995827
3915985403	625022108	3915997612
3919985403	625122065	3919995744
3923985403	625222222	3924004939
3927985403	625322089	3927996847
3931985403	625422111	3931997726
3935985403	625522069	3935995636
3939985403	625622112	3939997775
3943985444	625722116	3943998704
3947985403	625822114	3947997736
3951985403	625922072	3951995717
3955985403	626022112	3955997647
3959985403	626122071	3959995708
3963985403	626222126	3963998818
3967985403	626322071	3967995761
3971985403	626422224	3972005038
3975985403	626522086	3975996774
3979985403	626622113	3979997727
3983985444	626722109	3983998374
3987985403	626822112	3987997699
3991985403	626922071	3991995720
3995985403	627022116	3995997925
3999985403	627122070	3999995686
4003985403	627222125	4003998856
4007985403	627322068	4007995697
4011985403	627422112	4011997689
4015985403	627522069	4015995636
4019985403	627622224	4020005013
4023985444	627722119	4023998722
4027985403	627822126	4027998597
4031985403	627922072	4031995715
4035985403	628021964	4035988239
4039985403	628122090	4039996648
4043985403	628221970	4043988639
4047985403	628321935	4047987090
4051985403	628422091	4051996701
4055985403	628522110	4055997461
4059985403	628622071	4059995742
4063985403	628722131	4063998725
4067985403	628822073	4067995912
4071985403	628922221	4072004907
4075985403	629022082	4075996554
4079985403	629121966	4079988318
4083985403	629222128	4083998146
4087985403	629322118	4087998349
4091985403	629422069	4091995660
4095985403	629521958	4095988046
4099985403	629622088	4099996648
4103985444	629722141	4103999205
4107985403	629822072	4107995721
4111985403	629922108	4111997214
4115985403	630022072	4115995665
4119985403	630122213	4120004325
4123985403	630222144	4123998811
4127985403	630322120	4127998126
4131985403	630422072	4131995849
4135985403	630522104	4135997201
4139985403	630622073	4139995868
4143985444	630722139	4143999203
4147985403	630822077	4147996086
4151985403	630922107	4151997317
4155985403	631022072	4155995885
4159985403	631122105	4159997443
4163985403	631222069	4163995954
4167985403	631322218	4168004782
4171985403	631422089	4171996792
4175985403	631522109	4175997515
4179985403	631622073	4179995800
4183985444	631722131	4183998761
4187985403	631822076	4187995853
4191985403	631922107	4191997392
4195985403	632022073	4195995727
4199985403	632122110	4199997556
4203985403	632222074	4203995718
4207985403	632321967	4207988480
4211985403	632422096	4211997091
4215985401	632522038	4215991205
4219985403	632622223	4220004966
4223985444	632722110	4223998438
4227985403	632822123	4227998497
4231985403	632922070	4231995825
4235985403	633022117	4235997894
4239985403	633122068	4239995750
4243985566	633222199	4244002187
4247985403	633322127	4247998225
4251985403	633422119	4251997979
4255985403	633522074	4255995970
4259985403	633622107	4259997347
4263985444	633722110	4263998619
4267985403	633822219	4268004462
4271985403	633922087	4271997213
4275985403	634022112	4275997559
4279985403	634122070	4279995820
4283985403	634222117	4283997892
4287985403	634322071	4287995889
4291985403	634422118	4291998172
4295985403	634522071	4295995943
4299985403	634622112	4299997615
4303985444	634722124	4303999225
4307985403	634822114	4307997786
4311985403	634922072	4311995777
4315985403	635022223	4316004864
4319985403	635122085	4319996915
4323985403	635222114	4323997654
4327985403	635322070	4327995750
4331985403	635422119	4331998224
4335985403	635522069	4335995795
4339985403	635622113	4339997688
4343985444	635722121	4343999259
4347985403	635822114	4347997748
4351985403	635922071	4351995825
4355985403	636022108	4355997608
4359985403	636122065	4359995744
4363985403	636222222	4364004893
4367985403	636322086	4367996879
4371985403	636422113	4371998247
4375985403	636522065	4375995758
4379985403	636621959	4379988239
4383985444	636722123	4383998965
4387985403	636822092	4387996806
4391985403	636922100	4391996899
4395985403	637022079	4395996211
4399985403	637122099	4399996891
4403985403	637222077	4403996207
4407985403	637322099	4407996891
4411985403	637422107	4411997333
4415985403	637522218	4416004472
4419985403	637622092	4419997311
4423985444	637722134	4423999139
4427985403	637822082	4427996575
4431985403	637922105	4431997199
4435985403	638022073	4435996080
4439985403	638122113	4439997609
4443985403	638222075	4443996146
4447985403	638322107	4447997329
4451985403	638422075	4451996147
4455985403	638522117	4455998513
4459985403	638622071	4459996199
4463985403	638722217	4464004168
4467985403	638822086	4467997283
4471985403	638922116	4471997719
4475985403	639022071	4475995828
4479985403	639122112	4479997645
4483985403	639222070	4483995823
4487985403	639322112	4487997650
4491985403	639422070	4491995823
4495985403	639522118	4495998137
4499985403	639622070	4499995885
4503985444	639722145	4503999443
4507985403	639822070	4507996064
4511985403	639922221	4512004592
4515985403	640022084	4515996856
4519985403	640122111	4519997432
4523985403	640222073	4523995917
4527985403	640322114	4527997684
4531985403	640422073	4531995958
4535985403	640522116	4535998021
4539985403	640622072	4539995969
4543985444	640722145	4543999315
4547985616	640822484	4548009820
4551985525	640922011	4551990430
4555985403	641022178	4556000511
4559985403	641122096	4559996941
4563985403	641222101	4563996941
4567985403	641322081	4567996054
4571985403	641422106	4571997190
4575985403	641522132	4575998268
4579985403	641622111	4579997649
4583985444	641722107	4583998244
4587985485	641822126	4587998047
4591985403	641922078	4591996085
4595985403	642022104	4595996905
4599985403	642122073	4599995837
4603985403	642222209	4604004270
4607985403	642322098	4607997566
4611985403	642422109	4611997304
4615985403	642522072	4615995998
4619985403	642622115	4619997879
4623985444	642722119	4623999188
4627985403	642822120	4627998039
4631985403	642922073	4631995900
4635985403	643022110	4635997486
4639985403	643122072	4639995941
4643985403	643222111	4643997481
4647985403	643322073	4647995940
4651985403	643422210	4652004593
4655985403	643522093	4655997103
4659985403	643622118	4659998137
4663985444	643722119	4663999006
4667985403	643822120	4667997966
4671985403	643922072	4671995777
4675985403	644022111	4675997482
4679985403	644122071	4679995750
4683985403	644222110	4683997476
4687985403	644322070	4687995750
4691985403	644422110	4691997482
4695985403	644522070	4695995750
4699985403	644622209	4700004620
4703985444	644722128	4703999132
4707985403	644822121	4707998424
4711985403	644922074	4711995805
4715985403	645022114	4715997584
4719985403	645122071	4719995724
4723985403	645221962	4723988158
4727985403	645322086	4727996439
4731985403	645422073	4731995781
4735985403	645522108	4735997679
4739985403	645622110	4739997458
4743985403	645722148	4744000215
4747985403	645822069	4747995763
4751985403	645922217	4752004793
4755985403	646022085	4755996657
4759985403	646122114	4759997805
4763985403	646222069	4763995543
4767985403	646322118	4767998137
4771985403	646422068	4771995544
4775985403	646522113	4775997856
4779985403	646622068	4779995546
4783985444	646722145	4783999467
4787985403	646822070	4787995678
4791985403	646922107	4791997223
4795985403	647022068	4795995542
4799985403	647122208	4800004028
4803985403	647222095	4803997364
4807985403	647322110	4807997299
4811985403	647422073	4811996024
4815985403	647522114	4815997629
4819985403	647622074	4819996099
4823985444	647722139	4823999521
4827985403	647822074	4827996176
4831985403	647922107	4831997304
4835985403	648022073	4835995903
4839985403	648122110	4839997437
4843985403	648222075	4843995965
4847985403	648322205	4848004492
4851985403	648422088	4851996905
4855985403	648522110	4855997633
4859985403	648622072	4859995668
4863985444	648722139	4863999206
4867985403	648822075	4867995879
4871985403	648922107	4871997225
4875985403	649022071	4875995664
4879985403	649122109	4879997386
4883985403	649222071	4883995665
4887985403	649322109	4887997378
4891985403	649422072	4891995671
4895985403	649521958	4895987989
4899985403	649622211	4900004289
4903985444	649722183	4904000859
4907985403	649822122	4907998705
4911985403	649922080	4911996291
4915985403	650022103	4915997113
4919985403	650122078	4919996205
4923985403	650222103	4923997115
4927985403	650322078	4927996206
4931985403	650422104	4931997110
4935985403	650522079	4935996204
4939985403	650622103	4939997113
4943985403	650722102	4943997648
4947985403	650822214	4948004674
4951985403	650922090	4951996977
4955985403	651022110	4955997652
4959985403	651122070	4959995650
4963985403	651222110	4963997697
4967985403	651322070	4967995651
4971985403	651422110	4971997701
4975985403	651522070	4975995650
4979985403	651622111	4979997691
4983985444	651722115	4983998595
4987985403	651822122	4987998499
4991985403	651922072	4991995778
4995985403	652022210	4996004585
4999985403	652122093	4999997075
5003985403	652222109	5003997568
5007985403	652322071	5007995731
5011985403	652422110	5011997614
5015985403	652522074	5015995796
5019985403	652622109	5019997612
5023985444	652722118	5023998841
5027985403	652822122	5027998634
5031985403	652922073	5031995859
5035985403	653022109	5035997564
5039985403	653122073	5039995790
5043985403	653222212	5044004783
5047985403	653322090	5047996858
5051985606	653422003	5051995018
5055985403	653522116	5055998166
5059985403	653621961	5059988106
5063985403	653722133	5063999537
5067985403	653821972	5067988663
5071985403	653922089	5071996419
5075985403	654022072	5075995700
5079985403	654122099	5079996967
5083985403	654222079	5083996043
5087985403	654322098	5087996973
5091985403	654422078	5091996039
5095985444	654522213	5096004392
5099985403	654622098	5099997339
5103985403	654722124	5103999063
5107985403	654822134	5107998307
5111985403	654922120	5111998529
5115985403	655022080	5115996300
5119985403	655122103	5119997207
5123985403	655222079	5123996162
5127985403	655322102	5127997209
5131985403	655422078	5131996168
5135985403	655522102	5135997203
5139985403	655622078	5139996165
5143985444	655722210	5144003940
5147985403	655822150	5147999452
5151985403	655922110	5151997739
5155985403	656022074	5155995922
5159985403	656122100	5159997088
5163985403	656222076	5163995935
5167985403	656322106	5167997325
5171985403	656422076	5171995984
5175985403	656522100	5175997088
5179985403	656622076	5179995934
5183985403	656722132	5183998789
5187985403	656822081	5187996599
5191985444	656922220	5192004242
5195985403	657022093	5195997468
5199985403	657122109	5199997430
5203985403	657222073	5203995877
5207985403	657322109	5207997478
5211985403	657422074	5211995939
5215985403	657522109	5215997475
5219985403	657622074	5219995939
5223985403	657722134	5223998843
5227985403	657822077	5227996304
5231985403	657921966	5231988478
5235985403	658022090	5235996699
5239985398	658122034	5239991053
5243985444	658222220	5244004607
5247985403	658322090	5247997223
5251985403	658422110	5251997433
5255985403	658522071	5255995904
5259985403	658622110	5259997512
5263985403	658722108	5263998257
5267985403	658822112	5267997551
5271985403	658922118	5271997655
5275985403	659022122	5275998582
5279985403	659122071	5279995913
5283985403	659222112	5283997638
5287985403	659322069	5287995773
5291985444	659422221	5292005029
5295985403	659522082	5295996834
5299985403	659622113	5299997811
5303985403	659722107	5303998077
5307985403	659822110	5307997555
5311985403	659922070	5311995617
5315985403	660022128	5315998920
5319985403	660122072	5319995727
5323985403	660222112	5323997645
5327985403	660322068	5327995545
5331985403	660422112	5331997644
5335985403	660522068	5335995541
5339985444	660622219	5340004602
5343985403	660722116	5343998786
5347985403	660822130	5347998763
5351985403	660922071	5351995741
5355985403	661022124	5355998789
5359985403	661122071	5359995787
5363985403	661222112	5363997678
5367985403	661322071	5367995730
5371985403	661422112	5371997683
5375985403	661522071	5375995731
5379985403	661622112	5379997682
5383985403	661722109	5383998072
5387985444	661822224	5388005021
5391985403	661922085	5391996684
5395985403	662022122	5395998498
5399985403	662122068	5399995597
5403985403	662221959	5403988039
5407985403	662322089	5407996713
5411985403	662422074	5411995727
5415985403	662522113	5415997851
5419985403	662622070	5419995606
5423985403	662722150	5424000476
5427985403	662822075	5427995842
5431985403	662922114	5431997698
5435985403	663022100	5435996778
5439985444	663122226	5440005104
5443985403	663222084	5443996740
5447985403	663322112	5447997688
5451985403	663422069	5451995666
5455985403	663522112	5455997766
5459985403	663622069	5459995664
5463985606	663722203	5464002161
5467985403	663822082	5467996537
5471985403	663922106	5471997169
5475985403	664022125	5475998101
5479985403	664122114	5479997739
5483985403	664222075	5483996145
5487985403	664322231	5488005252
5491985403	664422084	5491996666
5495985403	664522113	5495997650
5499985403	664622069	5499995668
5503985444	664722135	5503998727
5507985403	664822070	5507995727
5511985403	664922108	5511997244
5515985403	665022068	5515995651
5519985403	665122121	5519998470
5523985403	665222070	5523995788
5527985403	665322109	5527997373
5531985403	665422069	5531995657
5535985403	665522217	5536004571
5539985403	665622091	5539997175
5543985444	665722132	5543998929
5547985403	665822072	5547995924
5551985403	665922116	5551997868
5555985403	666022070	5555995840
5559985403	666122122	5559998618
5563985403	666222072	5563995975
5567985403	666322110	5567997538
5571985403	666422070	5571995834
5575985403	666521961	5575988153
5579985403	666622086	5579996407
5583985403	666722106	5583997686
5587985403	666822219	5588004648
5591985403	666922085	5591996904
5595985403	667022113	5595997719
5599985403	667122115	5599997530
5603985403	667222122	5603998454
5607985403	667322070	5607995767
5611985403	667422113	5611997778
5615985403	667522070	5615995716
5619985403	667622113	5619997777
5623985444	667722118	5623998969
5627985403	667822111	5627997484
5631985403	667922070	5631995720
5635985403	668022221	5636004980
5639985403	668122139	5639998534
5643985403	668222116	5643998017
5647985403	668322069	5647995772
5651985403	668422112	5651997644
5655985403	668522069	5655995774
5659985403	668622111	5659997636
5663985444	668722121	5663999422
5667985403	668822113	5667997579
5671985403	668922071	5671995843
5675985403	669022112	5675997595
5679985403	669122069	5679995774
5683985403	669222225	5684005259
5687985403	669322083	5687996538
5691985403	669422113	5691997814
5695985403	669522068	5695995549
5699985403	669622113	5699997850
5703985444	669722115	5703998720
5707985403	669822110	5707997553
5711985403	669922070	5711995619
5715985403	670022112	5715997689
5719985403	670122068	5719995539
5723985403	670222123	5723998722
5727985403	670322069	5727995680
5731985403	670422220	5732004975
5735985403	670522085	5735996764
5739985403	670622111	5739997632
5743985444	670722111	5743998688
5747985403	670821963	5747988232
5751985403	670922086	5751996319
5755985403	671022068	5755995548
5759985403	671122115	5759997820
5763985403	671222119	5763997785
5767985403	671322117	5767998289
5771985403	671422074	5771996011
5775985403	671522110	5775997529
5779985403	671622073	5779995879
5783985444	671722222	5784005415
5787985403	671822079	5787996595
5791985403	671922113	5791997811
5795985403	672022068	5795995545
5799985403	672122111	5799997884
5803985403	672222067	5803995543
5807985403	672322118	5807998382
5811985403	672422068	5811995600
5815985403	672522112	5815997844
5819985403	672622067	5819995539
5823985403	672722131	5823998773
5827985403	672822073	5827995764
5831985403	672922211	5832004279
5835985403	673022091	5835997134
5839985403	673122109	5839997344
5843985403	673222073	5843995962
5847985403	673322118	5847998131
5851985403	673422074	5851996066
5855985403	673522108	5855997386
5859985403	673622072	5859995960
5863985444	673722134	5863999160
5867985403	673822081	5867996199
5871985566	673922198	5872002183
5875985403	674022087	5875996767
5879985444	674122214	5880004567
5883985403	674222092	5883997042
5887985403	674322120	5887998338
5891985403	674422072	5891995876
5895985403	674522109	5895997561
5899985403	674622070	5899995771
5903985403	674722129	5903998588
5907985403	674822080	5907996140
5911985403	674922106	5911997179
5915985403	675022070	5915995771
5919985403	675121957	5919987989
5923985403	675222091	5923996566
5927985403	675322102	5927996948
5931985444	675422219	5932004657
5935985403	675522094	5935997344
5939985403	675622108	5939997299
5943985403	675722103	5943998260
5947985403	675822112	5947997547
5951985403	675922071	5951995843
5955985403	676022116	5955997804
5959985403	676122072	5959995888
5963985403	676222112	5963997608
5967985403	676322071	5967995833
5971985403	676422119	5971998648
5975985403	676522068	5975995976
5979985444	676622224	5980005100
5983985403	676722117	5983998678
5987985403	676822121	5987998349
5991985403	676922069	5991995777
5995985403	677022115	5995997798
5999985403	677122067	5999995686
6003985403	677222111	6003997593
6007985403	677322067	6007995691
6011985403	677422123	6011998675
6015985403	677522068	6015995755
6019985403	677622112	6019997590
6023985403	677722108	6023998034
6027985444	677822222	6028004882
6031985403	677922085	6031996769
6035985403	678022112	6035997603
6039985403	678122069	6039995775
6043985403	678222117	6043997934
6047985403	678322069	6047995773
6051985403	678422116	6051998145
6055985403	678522068	6055995829
6059985403	678622110	6059997602
6063985403	678722120	6063999362
6067985403	678822109	6067997435
6071985403	678922070	6071995844
6075985444	679022228	6076005232
6079985403	679122085	6079996760
6083985403	679221966	6083988311
6087985403	679322084	6087996330
6091985403	679421965	6091988449
6095985403	679522085	6095996482
6099985403	679622073	6099995749
6103985403	679722148	6104000362
6107985403	679822078	6107996065
6111985403	679922107	6111997326
6115985403	680022071	6115995876
6119985403	680122107	6119997375
6123985403	680222073	6123995943
6127985444	680322225	6128005253
6131985403	680422138	6131998429
6135985403	680522116	6135998097
6139985403	680622069	6139995665
6143985403	680722150	6143999840
6147985403	680822072	6147995823
6151985403	680922112	6151997511
6155985403	681022070	6155995672
6159985403	681122111	6159997529
6163985403	681222068	6163995661
6167985403	681322112	6167997528
6171985403	681422069	6171995664
6175985444	681522229	6176005097
6179985403	681622083	6179996758
6183985403	681722130	6183998828
6187985403	681822070	6187995680
6191985403	681922113	6191997799
6195985403	682022068	6195995603
6199985403	682122109	6199997515
6203985403	682222069	6203995607
6207985403	682322108	6207997513
6211985403	682422068	6211995605
6215985403	682522120	6215998597
6219985403	682622070	6219995747
6223985444	682722216	6224004284
6227985403	682822094	6227997629
6231985403	682922109	6231997408
6235985403	683022071	6235995895
6239985403	683122109	6239997454
6243985403	683222072	6243995898
6247985403	683322109	6247997448
6251985403	683422072	6251995893
6255985403	683521968	6255988451
6259985403	683622084	6259996423
6263985398	683722081	6263993050
6267985403	683822111	6267997478
6271985403	683922073	6271995812
6275985444	684022208	6276004118
6279985403	684122095	6279997445
6283985566	684222182	6284001356
6287985403	684322087	6287996735
6291985403	684422101	6291997005
6295985403	684522124	6295998055
6299985403	684622115	6299997915
6303985444	684722129	6303999790
6307985403	684822114	6307997573
6311985403	684922073	6311995999
6315985403	685022109	6315997459
6319985403	685122069	6319995839
6323985403	685222216	6324004554
6327985403	685322093	6327997197
6331985403	685422110	6331997684
6335985403	685522067	6335995687
6339985403	685622117	6339998383
6343985444	685722115	6343998937
6347985403	685822112	6347997633
6351985403	685922071	6351995762
6355985403	686022111	6355997609
6359985403	686122070	6359995759
6363985403	686222111	6363997611
6367985403	686322070	6367995757
6371985403	686422217	6372004657
6375985403	686522089	6375997139
6379985403	686622118	6379998135
6383985444	686722113	6383998930
6387985403	686822113	6387997577
6391985403	686922070	6391995809
6395985403	687022111	6395997596
6399985403	687122067	6399995728
6403985403	687222111	6403997591
6407985403	687322067	6407995728
6411985403	687422111	6411997592
6415985403	687522067	6415995731
6419985403	687622217	6420004780
6423985444	687722110	6423998443
6427985403	687821978	6427988830
6431985403	687922088	6431996701
6435985403	688022070	6435995666
6439985403	688122116	6439997893
6443985403	688222067	6443995657
6447985403	688322111	6447997615
6451985403	688422068	6451995647
6455985403	688522110	6455997620
6459985403	688622109	6459997358
6463985403	688722140	6463999811
6467985403	688822071	6467995843
6471985403	688922218	6472004791
6475985403	689022084	6475996676
6479985403	689122111	6479997718
6483985403	689222066	6483995621
6487985403	689322116	6487998048
6491985403	689422066	6491995624
6495985403	689522111	6495997773
6499985403	689622066	6499995621
6503985444	689722140	6503999375
6507985403	689822073	6507995895
6511985403	689922106	6511997224
6515985403	690022067	6515995626
6519985403	690122211	6520004273
6523985403	690222091	6523997092
6527985403	690322107	6527997386
6531985403	690422071	6531995947
6535985403	690522114	6535997711
6539985403	690622074	6539996011
6543985444	690722141	6543999502
6547985403	690822080	6547996156
6551985403	690922107	6551997295
6555985403	691022073	6555995819
6559985403	691122108	6559997429
6563985403	691222073	6563995886
6567985403	691322212	6568004600
6571985403	691422087	6571996800
6575985403	691522110	6575997551
6579985403	691622071	6579995750
6583985444	691722136	6583999202
6587985403	691822076	6587996026
6591985403	691922107	6591997219
6595985403	692022072	6595995749
6599985403	692121958	6599987989
6603985403	692222090	6603996586
6607985403	692322071	6607995742
6611985403	692422108	6611997415
6615985403	692522071	6615995756
6619985403	692622216	6620004497
6623985444	692722168	6624000348
6627985403	692822126	6627998854
6631985403	692922077	6631996061
6635985403	693022107	6635997277
6639985403	693122074	6639995980
6643985403	693222106	6643997281
6647985403	693322074	6647995981
6651985403	693422106	6651997273
6655985403	693522074	6655995982
6659985403	693622106	6659997280
6663985403	693722097	6663997500
6667985403	693822222	6668005020
6671985403	693922084	6671996727
6675985403	694022113	6675997717
6679985403	694122068	6679995629
6683985403	694222108	6683997773
6687985403	694322063	6687995626
6691985606	694422193	6692001714
6695985403	694522073	6695996182
6699985403	694622105	6699997142
6703985403	694722116	6703998997
6707985403	694822127	6707998170
6711985403	694922074	6711996181
6715985444	695022220	6716004918
6719985403	695122084	6719996782
6723985403	695222111	6723997634
6727985403	695322069	6727995744
6731985403	695422112	6731997909
6735985403	695522066	6735995804
6739985403	695622111	6739997690
6743985403	695722109	6743998456
6747985403	695822130	6747998891
6751985403	695922071	6751995822
6755985403	696022111	6755997607
6759985403	696122070	6759995757
6763985444	696222222	6764005030
6767985403	696322087	6767996870
6771985403	696421966	6771988311
6775985403	696522084	6775996253
6779985403	696622068	6779995739
6783985403	696722137	6783999642
6787985403	696822119	6787997742
6791985403	696922120	6791998645
6795985403	697022062	6795995859
6799985403	697122112	6799997571
6803985403	697222068	6803995797
6807985403	697322111	6807997573
6811985403	697422067	6811995799
6815985444	697522227	6816005302
6819985403	697622081	6819996601
6823985403	697722140	6823999093
6827985403	697822071	6827995768
6831985403	697922124	6831998799
6835985403	698022063	6835995747
6839985403	698122111	6839997464
6843985403	698222068	6843995691
6847985403	698322112	6847997463
6851985403	698422070	6851995693
6855985403	698522111	6855997457
6859985403	698622068	6859995690
6863985444	698722216	6864003987
6867985403	698822092	6867997667
6871985403	698922119	6871998004
6875985403	699022072	6875996039
6879985403	699122110	6879997354
6883985403	699222073	6883996044
6887985403	699322110	6887997349
6891985403	699422073	6891996044
6895985403	699522109	6895997356
6899985403	699622072	6899996046
6903985403	699722141	6903999287
6907985403	699822076	6907996429
6911985444	699922221	6912005020
6915985403	700022090	6915996998
6919985403	700122109	6919997645
6923985403	700222070	6923995662
6927985403	700322109	6927997689
6931985403	700422072	6931995732
6935985403	700522109	6935997685
6939985403	700622072	6939995728
6943985403	700721978	6943988831
6947985606	700822019	6947991211
6951985525	700922267	6952004120
6955985403	701022200	6956001221
6959985403	701122075	6959995841
6963985403	701222099	6963996931
6967985403	701322078	6967995982
6971985403	701422106	6971997300
6975985403	701522078	6975995992
6979985403	701622106	6979997285
6983985525	701722112	6983998569
6987985403	701822120	6987997625
6991985403	701922077	6991996084
6995985403	702022117	6995997741
6999985403	702122072	6999995833
7003985403	702222221	7004005030
7007985403	702322084	7007996737
7011985403	702422107	7011997320
7015985403	702522070	7015995953
7019985403	702622109	7019997402
7023985444	702722124	7023999275
7027985403	702822109	7027997538
7031985403	702922072	7031995913
7035985403	703022123	7035998603
7039985403	703122071	7039996007
7043985403	703222109	7043997443
7047985403	703322071	7047995938
7051985403	703422223	7052005368
7055985403	703522082	7055996470
7059985403	703622108	7059997520
7063985444	703722115	7063998810
7067985403	703822109	7067997488
7071985403	703922071	7071995837
7075985403	704022129	7075998916
7079985403	704122069	7079995860
7083985403	704222109	7083997481
7087985403	704322069	7087995802
7091985403	704422109	7091997477
7095985403	704522069	7095995796
7099985403	704622216	7100005062
7103985444	704722126	7103998957
7107985403	704821966	7107988366
7111985403	704922091	7111996842
7115985403	705021969	7115988711
7119985403	705122085	7119996510
7123985403	705222071	7123995683
7127985403	705322107	7127997430
7131985403	705422071	7131995743
7135985403	705522107	7135997435
7139985403	705622071	7139995743
7143985403	705722129	7143998852
7147985403	705822072	7147995949
7151985403	705922220	7152005403
7155985403	706022120	7155997873
7159985403	706122121	7159998558
7163985403	706222067	7163995548
7167985403	706322112	7167997856
7171985403	706422067	7171995547
7175985403	706522112	7175997856
7179985403	706622067	7179995548
7183985444	706722142	7183999379
7187985403	706822067	7187995540
7191985403	706922106	7191997301
7195985403	707022067	7195995544
7199985403	707122220	7200004970
7203985403	707222087	7203996699
7207985403	707322106	7207997304
7211985403	707422072	7211995920
7215985403	707522108	7215997428
7219985403	707622073	7219995979
7223985444	707722132	7223998844
7227985403	707822074	7227995909
7231985403	707922106	7231997429
7235985403	708022072	7235995794
7239985403	708122122	7239998743
7243985403	708222073	7243995917
7247985403	708322222	7248005399
7251985403	708422085	7251996394
7255985403	708522107	7255997557
7259985403	708622071	7259995668
7263985444	708722132	7263998701
7267985403	708822072	7267995723
7271985403	708922106	7271997309
7275985403	709022071	7275995673
7279985403	709121967	7279988557
7283985403	709222092	7283996896
7287985400	709322035	7287991127
7291985403	709422109	7291997416
7295985403	709522067	7295995586
7299985403	709622221	7300004967
7303985444	709722109	7303998216
7307985403	709822120	7307998417
7311985403	709922070	7311995864
7315985403	710022116	7315997879
7319985403	710122112	7319997521
7323985403	710222123	7323998609
7327985403	710322069	7327995835
7331985403	710422111	7331997606
7335985403	710522068	7335995779
7339985403	710622110	7339997603
7343985403	710722098	7343997624
7347985403	710822221	7348005406
7351985403	710922079	7351996202
7355985403	711022109	7355997720
7359985403	711122066	7359995544
7363985403	711222122	7363998620
7367985403	711322066	7367995596
7371985403	711422110	7371997806
7375985403	711522066	7375995545
7379985403	711622111	7379997816
7383985444	711722116	7383999128
7387985403	711822110	7387997648
7391985403	711922068	7391995621
7395985403	712022223	7396005474
7399985403	712122082	7399996394
7403985403	712222114	7403998165
7407985403	712322067	7407995718
7411985403	712422110	7411997729
7415985403	712522069	7415995728
7419985403	712622109	7419997728
7423985444	712722123	7423999465
7427985403	712822113	7427997848
7431985403	712922070	7431995750
7435985403	713022111	7435997683
7439985403	713122070	7439995734
7443985403	713222225	7444005597
7447985403	713322079	7447996250
7451985403	713421962	7451988232
7455985403	713522083	7455996422
7459985403	713622066	7459995541
7463985444	713722147	7464000195
7467985403	713822072	7467995784
7471985403	713922110	7471997492
7475985403	714022067	7475995611
7479985403	714122110	7479997659
7483985403	714222111	7483997489
7487985403	714322116	7487998482
7491985403	714422063	7491995671
7495985403	714522225	7496005545
7499985403	714622080	7499996331
7503985606	714722206	7504002331
7507985403	714822076	7507996285
7511985403	714922103	7511997091
7515985403	715022073	7515996090
7519985403	715122104	7519997226
7523985403	715222123	7523998104
7527985403	715322112	7527997716
7531985403	715422072	7531996144
7535985403	715522104	7535997221
7539985403	715622072	7539996092
7543985444	715722219	7544004154
7547985403	715822089	7547997491
7551985403	715922110	7551997508
7555985403	716022071	7555995902
7559985403	716122108	7559997469
7563985403	716222071	7563995967
7567985403	716322114	7567997959
7571985403	716422071	7571996074
7575985403	716522109	7575997481
7579985403	716622072	7579995968
7583985403	716722142	7583999253
7587985403	716822071	7587996467
7591985444	716922219	7592004910
7595985403	717022085	7595996851
7599985403	717122106	7599997398
7603985403	717222070	7603995860
7607985403	717322117	7607998161
7611985403	717422072	7611996081
7615985403	717522108	7615997485
7619985403	717622071	7619995913
7623985403	717721981	7623989075
7627985403	717822100	7627997008
7631985403	717922073	7631995935
7635985403	718022105	7635997081
7639985403	718122069	7639996048
7643985444	718222220	7644004861
7647985403	718322129	7647998490
7651985403	718422113	7651997948
7655985403	718522072	7655995969
7659985403	718622109	7659997558
7663985403	718722107	7663998334
7667985403	718822118	7667998072
7671985403	718922068	7671995811
7675985403	719022111	7675997566
7679985403	719122067	7679995741
7683985403	719222111	7683997565
7687985403	719322067	7687995735
7691985444	719422222	7692005177
7695985403	719522080	7695996858
7699985403	719622109	7699997567
7703985403	719722110	7703998303
7707985403	719822114	7707997796
7711985403	719922071	7711995893
7715985403	720022106	7715997645
7719985403	720122063	7719995710
7723985403	720222110	7723997635
7727985403	720322067	7727995707
7731985403	720422124	7731998807
7735985403	720522067	7735995765
7739985444	720622227	7740005341
7743985403	720722109	7743998209
7747985403	720822126	7747998680
7751985403	720922069	7751995630
7755985403	721022115	7755997831
7759985403	721122069	7759995607
7763985403	721222110	7763997679
7767985403	721322068	7767995602
7771985403	721422124	7771998802
7775985403	721522068	7775995662
7779985403	721622110	7779997644
7783985403	721722095	7783997490
7787985403	721821973	7787988680
7791985444	721922201	7792003964
7795985403	722021976	7795988847
7799985403	722122086	7799996433
7803985403	722222072	7803995735
7807985403	722322109	7807997768
7811985403	722422114	7811997393
7815985403	722522113	7815998158
7819985403	722622069	7819995645
7823985403	722722133	7823999661
7827985403	722822088	7827996526
7831985403	722922111	7831997780
7835985403	723022066	7835995607
7839985444	723122222	7840005131
7843985403	723222087	7843996818
7847985403	723322104	7847997649
7851985403	723422061	7851995621
7855985403	723522116	7855998298
7859985403	723622066	7859995677
7863985403	723722134	7863998900
7867985403	723822069	7867995936
7871985403	723922104	7871997258
7875985403	724022065	7875995623
7879985403	724122106	7879997419
7883985403	724222065	7883995626
7887985444	724322216	7888004870
7891985403	724422093	7891996990
7895985403	724522112	7895997942
7899985403	724622072	7899995893
7903985403	724722136	7903999235
7907985403	724822074	7907995917
7911985606	724922197	7912002120
7915985403	725022080	7915996305
7919985403	725122104	7919997496
7923985403	725222076	7923996189
7927985403	725322102	7927997202
7931985403	725422076	7931996138
7935985403	725522220	7936005231
7939985403	725622089	7939996628
7943985444	725722127	7943998583
7947985403	725822075	7947995841
7951985403	725922112	7951997708
7955985403	726022072	7955995777
7959985403	726122107	7959997435
7963985403	726222072	7963995775
7967985403	726321956	7967987989
7971985403	726422090	7971996644
7975985403	726522116	7975997464
7979985403	726622121	7979998552
7983985403	726722094	7983997295
7987985403	726822220	7988004886
7991985403	726922081	7991996696
7995985403	727022109	7995997640
7999985403	727122066	7999995626
8003985403	727222116	8003998056
8007985403	727322068	8007995689
8011985403	727422111	8011997773
8015985403	727522068	8015995691
8019985403	727622116	8019998199
8023985444	727722117	8023998878
8027985403	727822116	8027998030
8031985403	727922068	8031995702
8035985403	728022223	8036005426
8039985403	728122080	8039996391
8043985403	728222108	8043997690
8047985403	728322067	8047995587
8051985403	728422111	8051997842
8055985403	728522068	8055995588
8059985403	728622115	8059998334
8063985444	728722117	8063999039
8067985403	728822116	8067998106
8071985403	728922069	8071995664
8075985403	729022111	8075997722
8079985403	729122068	8079995583
8083985403	729222228	8084005473
8087985403	729322080	8087996423
8091985403	729422109	8091997650
8095985403	729522066	8095995624
8099985403	729622116	8099998197
8103985444	729722115	8103999043
8107985403	729822116	8107998028
8111985403	729922068	8111995705
8115985403	730022110	8115997644
8119985403	730122066	8119995626
8123985403	730222110	8123997639
8127985403	730322066	8127995629
8131985403	730421962	8131988232
8135985403	730522214	8136004751
8139985403	730621971	8139988673
8143985444	730722119	8143998868
8147985403	730822085	8147996682
8151985403	730922097	8151996886
8155985403	731022075	8155996209
8159985403	731122098	8159996876
8163985403	731222078	8163996264
8167985403	731322097	8167996877
8171985403	731422077	8171996266
8175985403	731522097	8175996881
8179985403	731622108	8179997454
8183985444	731722228	8184005615
8187985403	731822083	8187996496
8191985403	731922107	8191997519
8195985403	732022068	8195995701
8199985403	732122109	8199997678
8203985403	732222068	8203995707
8207985403	732322109	8207997670
8211985403	732422068	8211995707
8215985403	732522109	8215997678
8219985403	732622068	8219995709
8223985403	732722136	8223998844
8227985403	732822070	8227995885
8231985403	732922213	8232004600
8235985403	733022087	8235996798
8239985403	733122105	8239997299
8243985403	733222071	8243995950
8247985403	733322112	8247997710
8251985403	733422071	8251995946
8255985403	733522107	8255997436
8259985403	733622070	8259995943
8263985444	733722144	8263999605
8267985403	733822075	8267996076
8271985403	733922106	8271997305
8275985403	734022072	8275995821
8279985403	734122213	8280004847
8283985403	734222089	8283996726
8287985403	734322107	8287997470
8291985403	734422071	8291995755
8295985403	734522114	8295997882
8299985403	734622071	8299995812
8303985444	734721988	8303989602
8307985401	734822097	8307997061
8311985575	734922068	8311992499
8315985403	735022107	8315997181
8319985403	735122069	8319995840
8323985566	735222199	8324002633
8327985403	735322084	8327996758
8331985444	735422216	8332004817
8335985403	735522088	8335996853
8339985403	735622103	8339997496
8343985403	735722165	8344000615
8347985403	735822123	8347998362
8351985403	735922070	8351995985
8355985403	736022109	8355997427
8359985403	736122069	8359995855
8363985403	736222109	8363997427
8367985403	736322069	8367995845
8371985403	736422109	8371997426
8375985403	736522070	8375995854
8379985444	736622222	8380004968
8383985403	736722164	8384000364
8387985403	736822135	8387999277
8391985403	736922073	8391996114
8395985403	737022109	8395997460
8399985403	737122069	8399995953
8403985403	737222109	8403997461
8407985403	737322069	8407995948
8411985403	737422109	8411997457
8415985403	737522069	8415995953
8419985403	737622109	8419997456
8423985403	737722099	8423997830
8427985444	737822230	8428005609
8431985403	737922080	8431996313
8435985403	738022109	8435997720
8439985403	738122066	8439995545
8443985403	738222110	8443997844
8447985403	738322066	8447995540
8451985403	738422111	8451997851
8455985403	738522066	8455995542
8459985403	738622110	8459997844
8463985403	738722111	8463998543
8467985403	738822123	8467998816
8471985403	738922067	8471995737
8475985403	739021961	8475988232
8479985403	739121931	8479987084
8483985444	739222217	8484004812
8487985403	739322115	8487997749
8491985403	739422067	8491995581
8495985403	739522109	8495997604
8499985403	739622068	8499995647
8503985403	739722142	8503999769
8507985403	739822117	8507997604
8511985403	739922121	8511998485
8515985403	740022066	8515995626
8519985403	740122103	8519997265
8523985403	740222068	8523995647
8527985403	740322110	8527997516
8531985403	740422069	8531995692
8535985444	740522227	8536005247
8539985403	740622079	8539996634
8543985403	740722128	8543998828
8547985403	740822065	8547995669
8551985403	740922125	8551998929
8555985403	741022065	8555995784
8559985403	741122107	8559997548
8563985403	741222066	8563995665
8567985403	741322106	8567997548
8571985403	741422065	8571995665
8575985403	741522106	8575997552
8579985403	741622065	8579995668
8583985444	741722217	8584004539
8587985403	741822093	8587997325
8591985403	741922111	8591997815
8595985403	742022071	8595995956
8599985403	742122106	8599997467
8603985403	742222070	8603995835
8607985403	742322102	8607997468
8611985403	742422066	8611995834
8615985403	742522106	8615997471
8619985403	742622070	8619995835
8623985403	742722141	8623999454
8627985403	742822072	8627996146
8631985444	742922223	8632005267
8635985403	743022087	8635996825
8639985403	743122107	8639997473
8643985403	743222068	8643995750
8647985403	743321960	8647988153
8651985403	743422084	8651996473
8655985403	743522071	8655995825
8659985403	743622108	8659997639
8663985403	743722105	8663998263
8667985403	743822111	8667997707
8671985403	743922116	8671997670
8675985403	744022121	8675998633
8679985403	744122065	8679995749
8683985444	744222221	8684005347
8687985403	744322087	8687996721
8691985403	744422107	8691997682
8695985403	744522066	8695995583
8699985403	744622110	8699997809
8703985403	744722110	8703998309
8707985403	744822111	8707997769
8711985403	744922068	8711995662
8715985403	745022123	8715998863
8719985403	745122068	8719995704
8723985403	745222109	8723997678
8727985403	745322068	8727995651
8731985606	745422221	8732002421
8735985403	745522069	8735995900
8739985403	745622104	8739997162
8743985403	745722092	8743997644
8747985403	745822119	8747997635
8751985403	745922070	8751995946
8755985403	746022116	8755997727
8759985403	746122071	8759995938
8763985403	746222105	8763997074
8767985403	746322070	8767995939
8771985403	746422106	8771997081
8775985403	746522070	8775995944
8779985444	746622213	8780004930
8783985403	746722116	8783998769
8787985403	746821960	8787988366
8791985403	746922089	8791996849
8795985403	747021965	8795988630
8799985403	747122085	8799996615
8803985403	747222103	8803997357
8807985403	747322071	8807995822
8811985403	747422103	8811997354
8815985403	747522071	8815995824
8819985403	747621961	8819988232
8823985403	747722106	8823997606
8827985403	747822077	8827996182
8831985444	747922219	8832005047
8835985403	748022132	8835998405
8839985403	748122108	8839997762
8843985403	748222076	8843996157
8847985403	748322098	8847997122
8851985403	748422076	8851996155
8855985403	748522098	8855997127
8859985403	748622076	8859996157
8863985403	748722126	8863999328
8867985403	748822090	8867996851
8871985403	748922100	8871997136
8875985403	749022076	8875996199
8879985403	749121964	8879988369
8883985444	749222217	8884004807
8887985403	749322116	8887997845
8891985403	749422066	8891995589
8895985403	749522110	8895997605
8899985403	749622069	8899995648
8903985403	749722129	8903998477
8907985403	749822068	8907995649
8911985403	749922107	8911997380
8915985403	750022067	8915995584
8919985403	750122116	8919998273
8923985403	750222068	8923995652
8927985403	750322110	8927997541
8931985403	750422068	8931995649
8935985444	750522219	8936004848
8939985403	750622087	8939997002
8943985403	750722125	8943998607
8947985403	750822071	8947995966
8951985403	750922113	8951997875
8955985403	751022067	8955995748
8959985403	751122117	8959998486
8963985403	751222071	8963996096
8967985403	751322108	8967997592
8971985403	751422068	8971995748
8975985403	751522107	8975997583
8979985403	751622067	8979995747
8983985444	751722217	8984004486
8987985403	751822090	8987997330
8991985403	751921959	8991988153
8995985403	752022082	8995996364
8999985403	752122113	8999997616
9003985403	752222112	9003997808
9007985403	752322068	9007995837
9011985403	752422108	9011997523
9015985403	752522068	9015995782
9019985403	752622108	9019997526
9023985403	752722109	9023998343
9027985403	752822113	9027997866
9031985403	752922068	9031995690
9035985444	753022218	9036004936
9039985403	753122139	9039998780
9043985403	753222112	9043998006
9047985403	753322067	9047995734
9051985403	753422110	9051997730
9055985403	753522067	9055995728
9059985403	753622110	9059997730
9063985403	753722107	9063998546
9067985403	753822115	9067998030
9071985403	753922067	9071995750
9075985403	754022105	9075997646
9079985403	754122063	9079995738
9083985444	754222216	9084005039
9087985403	754322090	9087996950
9091985403	754422108	9091997683
9095985403	754522067	9095995581
9099985403	754622108	9099997844
9103985403	754722104	9103998114
9107985403	754822109	9107997690
9111985403	754922068	9111995668
9115985403	755022110	9115997711
9119985403	755122067	9119995582
9123985403	755222120	9123998759
9127985403	755322067	9127995767
9131985444	755422221	9132005065
9135985403	755522089	9135996955
9139985606	755622209	9140002210
9143985403	755722095	9143997854
9147985403	755822122	9147998076
9151985403	755922072	9151996068
9155985403	756022108	9155997645
9159985403	756122063	9159995917
9163985403	756221960	9163988564
9167985403	756322093	9167996750
9171985403	756422067	9171995752
9175985403	756522106	9175997374
9179985403	756622075	9179996273
9183985444	756722219	9184005385
9187985403	756822087	9187996733
9191985403	756922107	9191997605
9195985403	757022066	9195995692
9199985403	757122110	9199997734
9203985403	757222115	9203997705
9207985403	757322112	9207998008
9211985403	757422068	9211995808
9215985403	757522109	9215997729
9219985403	757622069	9219995753
9223985403	757722133	9223998902
9227985403	757822071	9227995878
9231985444	757922214	9232004692
9235985403	758022089	9235997024
9239985403	758122106	9239997270
9243985403	758222070	9243995984
9247985403	758322115	9247997952
9251985403	758422073	9251996291
9255985403	758522107	9255997349
9259985403	758622070	9259996050
9263985403	758722135	9263999134
9267985403	758822075	9267996105
9271985403	758922104	9271997303
9275985403	759022069	9275995856
9279985444	759122213	9280004948
9283985403	759222090	9283996809
9287985403	759322113	9287998057
9291985403	759422074	9291996056
9295985403	759522107	9295997592
9299985403	759622071	9299995817
9303985403	759722131	9303998850
9307985403	759822074	9307995999
9311985403	759922105	9311997229
9315985403	760022070	9315995811
9319985403	760122107	9319997386
9323985403	760222071	9323995818
9327985403	760321960	9327988332
9331985444	760422219	9332005006
9335985798	760522127	9335994894
9339985403	760622103	9339997163
9343985403	760722100	9343997935
9347985606	760822032	9347991822
9351985525	760922205	9352001778
9355985403	761022196	9356001094
9359985403	761122073	9359995839
9363985403	761222097	9363996930
9367985403	761322131	9367998388
9371985403	761422108	9371997743
9375985403	761522074	9375996105
9379985403	761622105	9379997295
9383985525	761722117	9383999040
9387985403	761822119	9387997798
9391985403	761922075	9391996083
9395985403	762022102	9395996953
9399985403	762122070	9399995840
9403985403	762222220	9404005031
9407985403	762322130	9407998390
9411985403	762422112	9411997820
9415985403	762522069	9415995872
9419985403	762622101	9419997114
9423985444	762722128	9423999608
9427985403	762822111	9427997514
9431985403	762922071	9431995911
9435985444	763022203	9436001463
9439985403	763122071	9439995778
9443985403	763222103	9443997164
9447985403	763322072	9447995826
9451985403	763422108	9451997598
9455985403	763522072	9455995829
9459985444	763622204	9460001465
9463985485	763722096	9463997457
9467985403	763822113	9467997635
9471985403	763922073	9471995998
9475985444	764022203	9476001446
9479985403	764122074	9479995889
9483985403	764222102	9483997072
9487985403	764322073	9487995832
9491985403	764422109	9491997609
9495985403	764522073	9495995831
9499985403	764621938	9499987296
9503985485	764722130	9503999337
9507985403	764822082	9507996696
9511985403	764922110	9511997252
9515985403	765022068	9515995904
9519985444	765122205	9520001611
9523985403	765222072	9523995831
9527985403	765322099	9527996991
9531985403	765422119	9531997892
9535985403	765522106	9535997502
9539985403	765622075	9539996075
9543985485	765722139	9543999748
9547985403	765822080	9547996458
9551985403	765922112	9551997448
9555985403	766022068	9555995769
9559985403	766122107	9559997268
9563985403	766222067	9563995757
9567985444	766322226	9568005518
9571985403	766422131	9571998417
9575985403	766522113	9575998022
9579985403	766622066	9579995811
9583985403	766722139	9583999073
9587985403	766822068	9587995927
9591985403	766922104	9591997180
9595985403	767022067	9595995819
9599985403	767122106	9599997263
9603985403	767222068	9603995926
9607985403	767322106	9607997253
9611985403	767422068	9611995929
9615985444	767522219	9616005281
9619985403	767622083	9619996570
9623985403	767722126	9623998805
9627985403	767822070	9627995723
9631985403	767922111	9631997825
9635985403	768022069	9635995715
9639985403	768122106	9639997544
9643985403	768222069	9643995719
9647985403	768322106	9647997551
9651985403	768422069	9651995718
9655985403	768522120	9655998658
9659985403	768622069	9659995778
9663985444	768722220	9664004623
9667985403	768822087	9667997257
9671985403	768921959	9671988153
9675985403	769022083	9675996379
9679985403	769122066	9679995670
9683985403	769222109	9683997490
9687985403	769322067	9687995912
9691985403	769422107	9691997486
9695985403	769522114	9695997806
9699985403	769622111	9699997884
9703985403	769722109	9703998611
9707985403	769822112	9707997874
9711985403	769922068	9711995817
9715985444	770022219	9716005308
9719985403	770122087	9719996742
9723985403	770222107	9723997728
9727985403	770322064	9727995548
9731985403	770422108	9731997845
9735985403	770522066	9735995608
9739985403	770622114	9739998349
9743985403	770722106	9743998440
9747985403	770822116	9747998041
9751985403	770922067	9751995619
9755985403	771022108	9755997640
9759985403	771122066	9759995609
9763985444	771222214	9764005112
9767985403	771322084	9767996878
9771985403	771422107	9771997562
9775985403	771522066	9775995712
9779985403	771622113	9779998250
9783985403	771722105	9783998527
9787985403	771822115	9787998032
9791985403	771922068	9791995787
9795985403	772022108	9795997680
9799985403	772122065	9799995712
9803985403	772222108	9803997677
9807985403	772322065	9807995713
9811985444	772422222	9812005353
9815985403	772522086	9815996670
9819985403	772622113	9819998220
9823985403	772722104	9823998367
9827985403	772822114	9827998030
9831985403	772922066	9831995627
9835985403	773022108	9835997645
9839985403	773122064	9839995538
9843985403	773221955	9843988039
9847985403	773322086	9847996544
9851985403	773422069	9851995663
9855985403	773522108	9855997681
9859985403	773622094	9859996680
9863985444	773722226	9864005572
9867985403	773822081	9867996493
9871985403	773922106	9871997560
9875985403	774022065	9875995709
9879985403	774122108	9879997685
9883985403	774222067	9883995771
9887985403	774322109	9887997691
9891985403	774422068	9891995772
9895985403	774522107	9895997679
9899985403	774622111	9899997424
9903985403	774722135	9903999101
9907985403	774822071	9907995978
9911985444	774922213	9912004865
9915985403	775022084	9915996733
9919985403	775122105	9919997346
9923985403	775222069	9923995905
9927985403	775322110	9927997671
9931985403	775422071	9931996022
9935985403	775522107	9935997473
9939985403	775622117	9939997855
9943985403	775722133	9943999334
9947985403	775822074	9947996099
9951985606	775922199	9952002524
9955985403	776022079	9955996320
9959985403	776122208	9960004657
9963985403	776222087	9963996713
9967985403	776322104	9967997474
9971985403	776422067	9971995771
9975985403	776522110	9975997807
9979985403	776622070	9979995887
9983985444	776722140	9983999382
9987985403	776822072	9987996006
9991985403	776922103	9991997101
9995985403	777022068	9995995775
9999985403	777122105	9999997235
10003985403	777222069	10003995841
10007985403	777322209	10008004247
10011985403	777422086	10011996949
10015985403	777521961	10015988232
10019985403	777622080	10019996087
10023985444	777722151	10023999989
10027985403	777822122	10027998360
10031985403	777922069	10031996134
10035985403	778022102	10035997091
10039985403	778122070	10039996079
10043985403	778222101	10043997087
10047985403	778322069	10047996077
10051985403	778422072	10051997087
10055985403	778522040	10055996079
10059985403	778622215	10060004728
10063985444	778722165	10064000383
10067985403	778822124	10067998901
10071985403	778922070	10071995946
10075985403	779022103	10075997426
10079985403	779122062	10079995782
10083985403	779222107	10083997427
10087985403	779322066	10087995780
10091985403	779422107	10091997429
10095985403	779522066	10095995785
10099985403	779622103	10099997427
10103985403	779722093	10103997570
10107985403	779822222	10108005099
10111985403	779922080	10111996534
10115985403	780022106	10115997559
10119985403	780122065	10119995706
10123985403	780222108	10123997679
10127985403	780322066	10127995707
10131985403	780422107	10131997679
10135985403	780522065	10135995712
10139985403	780622109	10139997684
10143985444	780722115	10143998827
10147985403	780822122	10147998750
10151985403	780922067	10151995849
10155985403	781022223	10156005373
10159985403	781122082	10159996354
10163985403	781222107	10163997729
10167985403	781322064	10167995540
10171985403	781422109	10171997855
10175985403	781522066	10175995604
10179985403	781621960	10179988232
10183985444	781722117	10183998874
10187985403	781821968	10187988707
10191985403	781922085	10191996616
10195985403	782022066	10195995620
10199985403	782122106	10199997457
10203985403	782222068	10203995759
10207985403	782322222	10208005173
10211985403	782422081	10211996587
10215985403	782522106	10215997519
10219985403	782622065	10219995777
10223985444	782722144	10223999985
10227985403	782822118	10227997778
10231985403	782922115	10231998402
10235985403	783022061	10235995831
10239985403	783122108	10239997599
10243985403	783222066	10243995780
10247985403	783321960	10247988232
10251985403	783422082	10251996381
10255985403	783522225	10256005445
10259985403	783622080	10259996403
10263985444	783722128	10263998634
10267985403	783822066	10267995687
10271985403	783922124	10271998814
10275985403	784022064	10275995712
10279985403	784122105	10279997348
10283985403	784222064	10283995652
10287985403	784322105	10287997345
10291985403	784422064	10291995657
10295985403	784522104	10295997348
10299985403	784622063	10299995657
10303985403	784722213	10304004280
10307985403	784822091	10307997339
10311985403	784922109	10311997798
10315985403	785022069	10315995972
10319985485	785122211	10320001930
10323985403	785222069	10323995900
10327985403	785322096	10327996987
10331985403	785422073	10331995948
10335985403	785522098	10335997064
10339985403	785622073	10339995953
10343985403	785722131	10343998161
10347985403	785822071	10347995815
10351985403	785921947	10351987829
10355985403	786022099	10355997062
10359985471	786122051	10359991904
10363985606	786222200	10364001485
10367985403	786322072	10367996194
10371985403	786422206	10372004696
10375985403	786522088	10375996870
10379985403	786622102	10379997399
10383985444	786722116	10383998907
10387985403	786822106	10387997542
10391985403	786922120	10391997900
10395985403	787022118	10395998432
10399985403	787122066	10399995787
10403985403	787222107	10403997484
10407985403	787322067	10407995701
10411985403	787422106	10411997494
10415985403	787522066	10415995709
10419985403	787622218	10420005200
10423985444	787722120	10423998829
10427985403	787822116	10427998331
10431985403	787922113	10431997573
10435985403	788022122	10435998938
10439985403	788122064	10439995944
10443985403	788222107	10443997528
10447985403	788322069	10447995891
10451985403	788422107	10451997530
10455985403	788522070	10455995899
10459985403	788622102	10459997531
10463985403	788722097	10463997857
10467985403	788822223	10468005374
10471985403	788922122	10471998063
10475985403	789022111	10475998067
10479985403	789122066	10479995709
10483985403	789222107	10483997659
10487985403	789322067	10487995768
10491985403	789422108	10491997654
10495985403	789522068	10495995773
10499985403	789622103	10499997660
10503985444	789722114	10503999193
10507985403	789822112	10507997877
10511985403	789922068	10511995793
10515985403	790022221	10516005398
10519985403	790122080	10519996422
10523985403	790221958	10523988158
10527985403	790322080	10527996296
10531985403	790422066	10531995671
10535985403	790522109	10535997697
10539985403	790622067	10539995743
10543985444	790722145	10544000065
10547985403	790822072	10547995943
10551985403	790922107	10551997487
10555985403	791022113	10555997552
10559985403	791122120	10559998661
10563985403	791222066	10563995793
10567985403	791322226	10568005674
10571985403	791422078	10571996242
10575985403	791522107	10575997730
10579985403	791622064	10579995541
10583985444	791722148	10583999724
10587985403	791822064	10587995548
10591985403	791922107	10591997414
10595985403	792022065	10595995545
10599985403	792122122	10599998726
10603985403	792222064	10603995601
10607985403	792322108	10607997539
10611985403	792422064	10611995539
10615985403	792522218	10616005123
10619985403	792622077	10619996573
10623985444	792722129	10623999008
10627985403	792822067	10627995686
10631985403	792922111	10631997838
10635985403	793022069	10635995752
10639985403	793122119	10639998678
10643985403	793222067	10643995803
10647985403	793322105	10647997511
10651985403	793422067	10651995749
10655985403	793522101	10655997514
10659985403	793622064	10659995749
10663985403	793722208	10664004503
10667985403	793822085	10667997209
10671985403	793922105	10671997447
10675985403	794022067	10675995780
10679985403	794122112	10679998136
10683985403	794222069	10683995896
10687985403	794322106	10687997570
10691985403	794422069	10691995843
10695985403	794521958	10695988153
10699985403	794622082	10699996533
10703985444	794722115	10703998473
10707985403	794822115	10707997874
10711985403	794922065	10711995573
10715985403	795022210	10716004746
10719985403	795122135	10719998719
10723985403	795222112	10723997968
10727985403	795322065	10727995713
10731985403	795422101	10731997346
10735985403	795522065	10735995664
10739985403	795622108	10739997594
10743985444	795722109	10743998713
10747985403	795822114	10747998031
10751985403	795922067	10751995747
10755985403	796022108	10755997669
10759985403	796122066	10759995669
10763985403	796222217	10764005155
10767985403	796322086	10767996708
10771985606	796422180	10772001308
10775985403	796522078	10775996496
10779985403	796622101	10779997210
10783985403	796722112	10783998772
10787985403	796822114	10787997681
10791985403	796922071	10791996051
10795985403	797022103	10795997110
10799985403	797122069	10799995970
10803985403	797222111	10803997782
10807985403	797322073	10807996185
10811985444	797422219	10812004929
10815985403	797522089	10815997137
10819985403	797622106	10819997398
10823985403	797722100	10823998113
10827985403	797822108	10827997614
10831985403	797922067	10831995847
10835985403	798022114	10835997884
10839985403	798122067	10839995834
10843985403	798222122	10843998796
10847985403	798322067	10847995900
10851985403	798422108	10851997608
10855985403	798522067	10855995836
10859985403	798621960	10859988232
10863985444	798722222	10864005428
10867985403	798821962	10867988333
10871985403	798922081	10871996270
10875985403	799022069	10875995733
10879985403	799122104	10879997604
10883985403	799222116	10883997702
10887985403	799322110	10887998066
10891985403	799422064	10891995630
10895985403	799522106	10895997666
10899985403	799622064	10899995630
10903985403	799722153	10904000754
10907985403	799822064	10907995623
10911985444	799922221	10912005340
10915985403	800022077	10915996440
10919985403	800122107	10919997569
10923985403	800222064	10923995731
10927985403	800322119	10927998529
10931985403	800422063	10931995787
10935985403	800522108	10935997699
10939985403	800622063	10939995733
10943985403	800722138	10943999183
10947985403	800822064	10947995728
10951985403	800922102	10951997224
10955985403	801022063	10955995728
10959985444	801122212	10960004768
10963985403	801222086	10963996773
10967985403	801322114	10967998079
10971985403	801422068	10971995998
10975985403	801522104	10975997392
10979985403	801622069	10979996005
10983985403	801722135	10983999211
10987985403	801822071	10987995937
10991985403	801922102	10991997304
10995985403	802022068	10995995818
10999985403	802122105	10999997439
11003985403	802222070	11003995883
11007985444	802322218	11008005407
11011985403	802422082	11011996525
11015985403	802522103	11015997474
11019985403	802622067	11019995751
11023985403	802722128	11023998589
11027985403	802822069	11027995806
11031985403	802922102	11031997300
11035985403	803022067	11035995750
11039985403	803121953	11039987989
11043985403	803222086	11043996684
11047985403	803322113	11047997543
11051985403	803422116	11051998500
11055985403	803522067	11055995807
11059985444	803622218	11060005161
11063985403	803722108	11063998195
11067985403	803822117	11067998432
11071985403	803922066	11071995713
11075985403	804022113	11075997922
11079985403	804122065	11079995625
11083985403	804222103	11083997642
11087985403	804322060	11087995625
11091985403	804422121	11091998807
11095985403	804522064	11095995678
11099985403	804622107	11099997640
11103985403	804722099	11103997771
11107985444	804822219	11108005397
11111985403	804922077	11111996342
11115985403	805022106	11115997640
11119985403	805122063	11119995620
11123985566	805222207	11124001677
11127985403	805322067	11127995777
11131985403	805422107	11131997570
11135985403	805522069	11135995826
11139985403	805622103	11139997229
11143985403	805722099	11143998156
11147985403	805822117	11147997700
11151985403	805922068	11151995883
11155985403	806022101	11155996925
11159985403	806122069	11159995885
11163985403	806222103	11163996998
11167985403	806322069	11167995890
11171985444	806422224	11172005043
11175985403	806522079	11175996870
11179985566	806622190	11180001773
11183985444	806722122	11183999003
11187985403	806822118	11187998327
11191985403	806922070	11191996026
11195985403	807022111	11195997688
11199985403	807122068	11199995993
11203985403	807221957	11203988166
11207985403	807322086	11207996522
11211985403	807421961	11211988424
11215985403	807522081	11215996407
11219985403	807622069	11219995833
11223985444	807722226	11224005701
11227985403	807822078	11227996491
11231985403	807922107	11231997643
11235985403	808022064	11235995648
11239985403	808122108	11239997759
11243985403	808222064	11243995710
11247985403	808322108	11247997757
11251985403	808422107	11251997463
11255985403	808522111	11255998091
11259985403	808622063	11259995830
11263985403	808722150	11263999863
11267985403	808822066	11267995768
11271985403	808922216	11272004736
11275985403	809022079	11275996654
11279985403	809122105	11279997410
11283985403	809222065	11283995812
11287985403	809322113	11287997779
11291985403	809422115	11291997740
11295985403	809522110	11295997786
11299985403	809622065	11299995981
11303985444	809722138	11303999440
11307985403	809822067	11307995798
11311985403	809922102	11311997390
11315985403	810022065	11315995684
11319985403	810122210	11320004910
11323985403	810222086	11323996648
11327985403	810322099	11327997551
11331985403	810422063	11331995670
11335985403	810522116	11335998461
11339985403	810622068	11339995847
11343985444	810722137	11343999287
11347985403	810822073	11347995867
11351985403	810922102	11351997303
11355985403	811022067	11355995673
11359985403	811122104	11359997434
11363985403	811222068	11363995732
11367985403	811322209	11368004564
11371985403	811422086	11371996822
11375985403	811521968	11375988729
11379985403	811622083	11379996359
11383985792	811722073	11383993052
11387985403	811822118	11387997964
11391985403	811922068	11391995741
11395985403	812022094	11395996820
11399985403	812122067	11399995890
11403985403	812222097	11403997027
11407985403	812322067	11407995746
11411985403	812422096	11411996984
11415985403	812522096	11415997127
11419985403	812622214	11420004661
11423985444	812722101	11423998011
11427985403	812822120	11427998451
11431985403	812922070	11431995856
11435985403	813022109	11435997727
11439985403	813122067	11439995776
11443985403	813222103	11443997459
11447985403	813322067	11447995770
11451985403	813421959	11451988232
11455985403	813522120	11455997975
11459985403	813622113	11459998279
11463985403	813722097	11463997846
11467985403	813822214	11468005114
11471985403	813922078	11471996415
11475985403	814022106	11475997637
11479985403	814122065	11479995630
11483985403	814222112	11483998049
11487985403	814322064	11487995622
11491985403	814422107	11491997772
11495985403	814522064	11495995630
11499985403	814622108	11499998301
11503985444	814722110	11503999077
11507985403	814822113	11507998034
11511985403	814922067	11511995713
11515985403	815022220	11516005405
11519985403	815122079	11519996402
11523985403	815222107	11523997640
11527985403	815322064	11527995620
11531985403	815422109	11531997773
11535985403	815522066	11535995690
11539985403	815622113	11539998261
11543985444	815722114	11543999093
11547985403	815821961	11547988306
11551985403	815922083	11551996579
11555985403	816022064	11555995625
11559985403	816122106	11559997536
11563985403	816222069	11563995837
11567985403	816322220	11568005455
11571985403	816422077	11571996305
11575985403	816522106	11575997686
11579985403	816622107	11579997368
11583985444	816722151	11584000949
11587985403	816822072	11587996086
11591985566	816922203	11592002532
11595985403	817022072	11595996105
11599985403	817122101	11599997261
11603985403	817222068	11603995964
11607985403	817322102	11607997421
11611985403	817422068	11611995966
11615985444	817522222	11616005391
11619985403	817622132	11619998454
11623985403	817722140	11623999543
11627985403	817822068	11627995824
11631985403	817922100	11631997078
11635985403	818022068	11635995816
11639985403	818122100	11639997082
11643985403	818222068	11643995824
11647985403	818322101	11647997082
11651985403	818422069	11651995817
11655985403	818522100	11655997080
11659985403	818622068	11659995821
11663985444	818722213	11664004379
11667985403	818822089	11667997433
11671985403	818922103	11671997288
11675985403	819022067	11675995964
11679985403	819122105	11679997411
11683985403	819222068	11683995959
11687985403	819322104	11687997412
11691985403	819422067	11691995964
11695985566	819522210	11696001885
11699985403	819622069	11699995728
11703985403	819722135	11703998817
11707985403	819822070	11707995858
11711985403	819922102	11711997013
11715985403	820022065	11715995696
11719985403	820121938	11719987404
11723985403	820222096	11723996811
11727985403	820322065	11727995628
11731985403	820422105	11731997179
11735985403	820522070	11735995904
11739985403	820622104	11739997148
11743985403	820722124	11743998495
11747985606	820822037	11747992051
11751985525	820922205	11752001861
11755985403	821022193	11756001093
11759985403	821122070	11759995844
11763985403	821222095	11763996925
11767985403	821322074	11767995990
11771985403	821422103	11771997289
11775985403	821522075	11775995993
11779985403	821622102	11779997285
11783985525	821722175	11784001064
11787985403	821822116	11787997989
11791985403	821922077	11791996230
11795985403	822022096	11795996797
11799985403	822122071	11799995977
11803985403	822222210	11804004666
11807985403	822322084	11807996949
11811985403	822422101	11811997353
11815985403	822522062	11815995991
11819985403	822622105	11819997358
11823985444	822722167	11824000905
11827985403	822822118	11827998348
11831985403	822922069	11831996145
11835985403	823022105	11835997300
11839985403	823122070	11839996116
11843985403	823222104	11843997312
11847985403	823322069	11847996114
11851985403	823422211	11852005090
11855985403	823522085	11855996685
11859985403	823622107	11859997651
11863985444	823722109	11863998632
11867985403	823822123	11867998799
11871985403	823922068	11871995886
11875985403	824022105	11875997470
11879985403	824122065	11879995750
11883985403	824222106	11883997476
11887985403	824322066	11887995748
11891985403	824421953	11891987965
11895985403	824522084	11895996455
11899985403	824622067	11899995799
11903985444	824722229	11904005623
11907985403	824822125	11907998210
11911985403	824922111	11911998011
11915985403	825022064	11915995814
11919985444	825122197	11920001464
11923985403	825222064	11923995727
11927985403	825322101	11927997153
11931985403	825422068	11931995765
11935985403	825522102	11935997228
11939985403	825622068	11939995762
11943985485	825722146	11943998935
11947985403	825822067	11947995734
11951985403	825922113	11951997811
11955985403	826022070	11955995836
11959985403	826122104	11959997120
11963985403	826222066	11963995668
11967985403	826321938	11967987404
11971985444	826422220	11972004983
11975985403	826522110	11975997466
11979985403	826622065	11979995589
11983985403	826722129	11983998437
11987985403	826822066	11987995698
11991985403	826922116	11991998330
11995985403	827022064	11995995582
