164	435098555	19830
3985183	435197880	3987444
7985183	435298096	8002095
11985183	435398036	11997776
15985183	435497997	15995415
19985183	435598082	19999384
23985183	435698009	23996467
27985224	435798038	27998622
31985183	435898026	31997351
35985183	435997987	35995578
39985183	436097985	39995423
43985183	436198025	43997659
47985183	436297981	47995531
51985183	436397987	51995651
55985183	436498008	55997155
59985183	436597981	59995752
63985183	436698008	63996781
67985183	436798106	68003654
71985183	436897998	71997605
75985183	436997977	75995654
79985183	437098006	79997350
83985183	437197976	83996021
87985183	437297966	87995423
91985183	437397991	91997083
95985183	437497971	95996112
99985183	437597959	99995426
103985183	437698030	103998844
107985305	437798101	108004592
111985183	437897976	111996580
115985183	437997986	115997309
119985183	438097952	119995624
123985183	438197949	123995422
127985183	438298094	128004946
131985183	438397972	131996794
135985183	438497951	135995653
139985183	438597969	139997073
143985183	438697950	143995863
147985224	438798029	147999887
151985183	438897983	151998329
155985183	438997941	155995860
159985183	439097933	159995422
163985183	439197959	163997038
167985183	439297937	167995873
171985183	439397928	171995428
175985183	439497934	175995668
179985183	439597955	179997031
183985183	439697933	183995872
187985183	439797963	187998018
191985183	439898071	192004940
195985183	439997939	195996764
199985183	440097925	199995653
203985183	440197945	203997150
207985183	440297919	207995819
211985183	440397912	211995426
215985183	440497943	215997351
219985183	440597917	219995907
223985183	440697908	223995429
227985224	440797960	227998326
231985183	440897966	231998139
235985183	440997918	235996533
239985183	441097929	239997000
243985183	441197904	243995838
247985183	441297897	247995429
251985183	441398044	252005096
255985183	441497913	255996565
259985183	441597898	259995655
263985183	441697923	263997151
267985224	441797940	267998569
271985183	441897898	271995710
275985183	441997928	275998347
279985183	442097889	279995789
283985183	442197881	283995424
287985305	442298017	288001500
291985183	442397887	291995751
295985183	442497883	295995447
299985183	442597898	299996623
303985183	442697881	303995880
307985183	442797901	307997695
311985183	442897914	311997493
315985183	442997916	315997598
319985183	443097877	319996151
323985183	443197905	323997097
327985183	443297869	327995582
331985183	443397872	331995588
335985183	443497742	335987398
339985183	443597880	339996479
343985183	443697852	343995321
347985183	443797893	347997984
351985224	443898009	352004846
355985183	443997921	355998673
359985183	444097857	359995706
363985183	444197885	363997233
367985183	444297857	367995958
371985183	444397855	371995584
375985183	444497846	375996839
379985183	444597824	379996009
383985183	444697815	383995364
387985183	444797887	387997820
391985183	444897849	391996372
395985183	444997835	395995363
399985183	445097860	399996987
403985183	445197835	403996018
407985183	445297833	407995585
411985224	445397979	412004874
415985183	445497843	415996860
419985183	445597831	419995583
423985183	445697849	423996888
427985183	445797859	427998280
431985183	445897834	431996060
435985183	445997843	435996679
439985183	446097862	439997688
443985183	446197838	443996801
447985183	446297844	447996867
451985183	446397818	451995805
455985183	446497813	455995358
459985183	446597837	459996819
463985183	446697812	463995800
467985183	446797849	467998048
471985224	446897959	472005110
475985183	446997811	475996476
479985183	447097804	479995582
483985183	447197836	483997590
487985183	447297797	487995921
491985183	447397799	491995583
495985183	447497822	495997104
499985183	447597791	499995796
503985183	447697787	503995352
507985183	447797695	507988843
511985183	447897806	511996434
515985183	447997781	515995555
519985183	448097788	519995609
523985183	448197838	523997853
527985183	448297781	527996054
531985183	448397788	531995777
535985224	448497922	536004789
539985183	448597794	539996896
543985183	448697778	543995582
547985183	448797819	547997871
551985183	448897779	551996353
555985183	448997772	555995588
559985183	449097787	559996449
563985183	449197772	563996034
567985183	449297811	567997457
571985305	449397900	572002315
575985183	449497768	575996161
579985183	449597756	579995305
583985183	449697783	583996873
587985217	449797784	587997779
591985183	449897776	591996514
595985224	449997900	596004928
599985183	450097765	599996722
603985183	450197752	603995589
607985183	450297825	607999060
611985183	450397750	611996401
615985183	450497751	615995802
619985183	450597765	619996816
623985183	450697746	623996119
627985183	450797788	627998724
631985183	450897765	631997034
635985183	450997734	635995854
639985183	451097736	639995582
643985183	451197760	643997150
647985183	451297730	647995865
651985183	451397756	651996628
655985224	451497878	656005535
659985183	451597732	659996179
663985183	451697725	663995583
667985183	451797769	667998088
671985183	451897724	671995702
675985183	451997724	675995582
679985183	452097600	679987637
683985183	452197733	683996683
687985183	452297706	687995324
691985183	452397756	691997294
695985183	452497748	695998006
699985183	452597707	699995645
703985183	452697704	703995362
707985183	452797750	707997893
711985183	452897711	711995978
715985183	452997702	715995358
719985224	453097848	720004917
723985183	453197716	723996445
727985183	453297704	727995585
731985183	453397764	731998874
735985183	453497709	735996676
739985183	453597694	739995616
743985183	453697710	743996838
747985183	453797742	747999387
751985183	453897690	751995573
755985183	453997706	755996884
759985183	454097684	759995778
763985183	454197684	763995584
767985183	454297707	767997074
771985183	454397683	771995756
775985183	454497708	775996631
779985224	454597824	780005230
783985183	454697688	783996465
787985183	454797696	787997059
791985183	454897710	791998093
795985183	454997665	795995576
799985183	455097668	799995583
803985183	455197694	803997400
807985183	455297661	807995613
811985183	455397657	811995360
815985183	455497731	815998921
819985183	455597675	819996626
823985183	455697656	823995379
827985183	455797697	827997851
831985183	455897659	831995889
835985183	455997654	835995583
839985224	456097791	840004867
843985183	456197662	843996633
847985183	456297648	847995582
851985183	456397529	851987831
855985183	456497655	855996262
859985183	456597679	859997361
863985183	456697646	863996052
867985183	456797705	867999950
871985183	456897637	871995907
875985183	456997636	875995583
879985183	457097658	879997015
883985183	457197632	883995983
887985183	457297631	887995583
891985183	457397652	891997059
895985183	457497627	895995927
899985183	457597620	899995358
903985224	457697772	904005131
907985183	457797658	907998118
911985183	457897623	911995665
915985183	457997649	915997610
919985183	458097614	919995662
923985183	458197615	923995587
927985183	458297639	927997318
931985183	458397609	931995634
935985183	458497604	935995364
939985183	458597630	939997080
943985183	458697646	943997407
947985183	458797647	947998427
951985183	458897637	951997738
955985183	458997600	955995713
959985183	459097601	959995577
963985224	459197753	964005363
967985183	459297603	967996371
971985183	459397596	971995589
975985183	459497618	975997093
979985183	459597589	979995744
983985183	459697591	983995578
987985305	459797535	987996786
991985183	459897646	991999002
995985183	459997578	995995608
999985183	460097600	999996818
1003985183	460197583	1003995982
1007985183	460297571	1007995433
1011985183	460397602	1011996972
1015985183	460497591	1015996264
1019985183	460597572	1019995418
1023985183	460697461	1023987937
1027985304	460797796	1028007165
1031985183	460897587	1031996726
1035985183	460997566	1035995510
1039985183	461097597	1039997125
1043985183	461197572	1043995985
1047985183	461297562	1047995420
1051985183	461397582	1051997041
1055985183	461497568	1055996208
1059985183	461597552	1059995423
1063985183	461697572	1063996798
1067985183	461797602	1067998798
1071985183	461897590	1071997584
1075985183	461997567	1075996900
1079985183	462097553	1079996109
1083985183	462197539	1083995425
1087985183	462297683	1088004730
1091985183	462397561	1091997020
1095985183	462497540	1095995644
1099985183	462597555	1099996687
1103985183	462697545	1103996254
1107985224	462797573	1107998303
1111985183	462897601	1111998986
1115985183	462997558	1115997367
1119985183	463097527	1119995567
1123985183	463197546	1123996715
1127985183	463297538	1127996329
1131985183	463397521	1131995426
1135985183	463497540	1135996723
1139985183	463597532	1139996333
1143985183	463697515	1143995423
1147985183	463797656	1148004502
1151985183	463897538	1151997117
1155985183	463997555	1155997200
1159985183	464097538	1159997192
1163985183	464197521	1163996221
1167985183	464297506	1167995423
1171985183	464397530	1171996977
1175985183	464497514	1175996115
1179985183	464597501	1179995425
1183985183	464697523	1183996977
1187985224	464797548	1187999019
1191985183	464897510	1191996194
1195985183	464997384	1195987949
1199985183	465097532	1199997146
1203985183	465197500	1203995854
1207985183	465297495	1207995577
1211985183	465397629	1212004530
1215985183	465497513	1215997153
1219985183	465597490	1219995648
1223985183	465697505	1223996641
1227985224	465797528	1227998564
1231985183	465897488	1231995800
1235985183	465997506	1235997044
1239985183	466097483	1239995897
1243985183	466197522	1243997393
1247985183	466297510	1247997901
1251985183	466397482	1251996271
1255985183	466497468	1255995419
1259985183	466597491	1259996915
1263985183	466697474	1263996070
1267985183	466797496	1267997781
1271985183	466897619	1272005186
1275985183	466997480	1275996626
1279985183	467097468	1279995651
1283985183	467197536	1283999140
1287985183	467297468	1287996250
1291985183	467397454	1291995540
1295985183	467497477	1295997089
1299985183	467597458	1299995947
1303985183	467697447	1303995426
1307985224	467797497	1307998383
1311985183	467897462	1311996365
1315985183	467997443	1315995426
1319985183	468097463	1319996510
1323985183	468197449	1323995950
1327985183	468297468	1327996768
1331985183	468397579	1332004716
1335985183	468497458	1335996943
1339985183	468597437	1339995653
1343985183	468697457	1343996978
1347985224	468797474	1347998521
1351985183	468897436	1351995836
1355985183	468997452	1355996907
1359985183	469097432	1359995892
1363985183	469197423	1363995425
1367985183	469297311	1367987868
1371985183	469397474	1371998149
1375985183	469497434	1375996586
1379985183	469597424	1379995791
1383985183	469697435	1383996777
1387985183	469797462	1387998657
1391985183	469897418	1391995762
1395985183	469997558	1396005110
1399985183	470097425	1399996510
1403985183	470197412	1403995650
1407985305	470297511	1408000966
1411985183	470397461	1411998307
1415985183	470497407	1415995831
1419985183	470597432	1419997270
1423985183	470697401	1423995803
1427985217	470797456	1427999279
1431985183	470897430	1431997224
1435985183	470997395	1435995851
1439985183	471097396	1439995583
1443985183	471197418	1443997077
1447985183	471297389	1447995779
1451985183	471397384	1451995360
1455985224	471497534	1456004834
1459985183	471597399	1459996741
1463985183	471697386	1463995589
1467985183	471797428	1467998236
1471985183	471897385	1471996129
1475985183	471997380	1475995583
1479985183	472097405	1479997200
1483985183	472197375	1483995812
1487985183	472297369	1487995356
1491985183	472397396	1491997058
1495985183	472497414	1495997498
1499985183	472597377	1499996319
1503985183	472697393	1503997098
1507985183	472797389	1507997052
1511985183	472897369	1511995875
1515985224	472997502	1516004592
1519985183	473097374	1519996715
1523985183	473197360	1523995582
1527985183	473297377	1527996967
1531985183	473397355	1531995824
1535985183	473497353	1535995585
1539985283	473597280	1539989921
1543985183	473697385	1543997504
1547985183	473797375	1547997979
1551985183	473897368	1551996370
1555985183	473997366	1555996760
1559985183	474097346	1559995943
1563985183	474197343	1563995585
1567985183	474297364	1567997054
1571985183	474397342	1571995836
1575985183	474497333	1575995352
1579985224	474597531	1580005780
1583985183	474697353	1583997127
1587985183	474797353	1587996802
1591985183	474897372	1591997935
1595985183	474997327	1595995849
1599985183	475097328	1599995582
1603985183	475197352	1603997265
1607985183	475297322	1607995738
1611985183	475397316	1611995357
1615985183	475497344	1615997063
1619985183	475597318	1619995740
1623985183	475697354	1623997511
1627985183	475797364	1627998102
1631985183	475897323	1631996492
1635985183	475997313	1635995589
1639985224	476097450	1640004589
1643985183	476197324	1643996761
1647985183	476297308	1647995583
1651985183	476397330	1651997213
1655985183	476497302	1655995753
1659985183	476597302	1659995579
1663985183	476697371	1663999176
1667985183	476797339	1667998741
1671985183	476897305	1671995982
1675985183	476997319	1675997091
1679985183	477097291	1679995697
1683985183	477197292	1683995583
1687985183	477297310	1687997064
1691985183	477397285	1691995677
1695985183	477497280	1695995360
1699985247	477597538	1700009013
1703985183	477697369	1703999440
1707985183	477797310	1707997451
1711985183	477897295	1711996357
1715985183	477997303	1715997739
1719985183	478097292	1719996397
1723985183	478197274	1723995554
1727985183	478297286	1727996675
1731985183	478397289	1731996502
1735985183	478497271	1735995588
1739985183	478597275	1739996415
1743985183	478697284	1743996476
1747985183	478797316	1747998080
1751985183	478897286	1751997255
1755985183	478997270	1755996235
1759985183	479097261	1759995588
1763985224	479197390	1764004719
1767985183	479297275	1767996827
1771985183	479397254	1771995588
1775985183	479497272	1775996966
1779985183	479597252	1779995771
1783985183	479697250	1783995584
1787985183	479797338	1788000047
1791985183	479897271	1791997032
1795985183	479997239	1795995384
1799985183	480097259	1799996527
1803985183	480197247	1803995990
1807985183	480297240	1807995583
1811985183	480397252	1811996634
1815985183	480497243	1815996035
1819985183	480597228	1819995363
1823985305	480697369	1824001857
1827985217	480797245	1827997145
1831985183	480897285	1831997987
1835985183	480997274	1835998160
1839985183	481097225	1839995925
1843985183	481197224	1843995588
1847985183	481297246	1847996852
1851985183	481397219	1851995747
1855985183	481497213	1855995362
1859985183	481597240	1859996865
1863985183	481697213	1863995751
1867985183	481797227	1867996893
1871985183	481897093	1871987791
1875985183	481997266	1875998100
1879985183	482097204	1879995626
1883985183	482197212	1883995754
1887985224	482297355	1888004800
1891985183	482397211	1891996698
1895985183	482497203	1895995588
1899985183	482597227	1899997094
1903985183	482697195	1903995897
1907985183	482797239	1907998206
1911985183	482897226	1911997187
1915985183	482997191	1915995805
1919985183	483097238	1919997483
1923985183	483197235	1923998294
1927985183	483297186	1927996082
1931985183	483397182	1931995357
1935985183	483497211	1935997082
1939985183	483597180	1939995834
1943985183	483697176	1943995363
1947985224	483797320	1948004491
1951985183	483897193	1951997077
1955985183	483997176	1955995583
1959985183	484097245	1959998828
1963985183	484197180	1963996425
1967985183	484297172	1967995674
1971985183	484397187	1971996845
1975985183	484497171	1975996036
1979985183	484597160	1979995360
1983985183	484697182	1983996852
1987985183	484797203	1987998454
1991985183	484897170	1991996304
1995985183	484997178	1995996804
1999985183	485097155	1999995766
2003985183	485197186	2003996795
2007985224	485297291	2008004520
2011985183	485397170	2011997016
2015985183	485497151	2015995577
2019985183	485597168	2019996843
2023985183	485697148	2023995995
2027985183	485797177	2027997749
2031985183	485897164	2031996915
2035985183	485997138	2035995749
2039985183	486097140	2039995588
2043985183	486197020	2043987801
2047985183	486297191	2047998248
2051985183	486397140	2051996559
2055985183	486497134	2055995609
2059985183	486597149	2059996824
2063985183	486697131	2063995896
2067985183	486797158	2067997635
2071985224	486897270	2072004844
2075985183	486997136	2075996518
2079985183	487097124	2079995585
2083985183	487197148	2083997214
2087985183	487297116	2087995573
2091985183	487397165	2091997408
2095985183	487497153	2095997953
2099985183	487597111	2099995609
2103985183	487697108	2103995355
2107985183	487797160	2107998392
2111985183	487897113	2111996012
2115985183	487997102	2115995358
2119985183	488097128	2119996787
2123985183	488197101	2123995578
2127985183	488297104	2127995583
2131985224	488397297	2132005895
2135985183	488497122	2135997122
2139985183	488597098	2139995583
2143985183	488697118	2143996896
2147985183	488797130	2147998126
2151985386	488897041	2151991399
2155985265	488997185	2156000658
2159985183	489097117	2159997631
2163985183	489197085	2163995673
2167985183	489297105	2167996685
2171985183	489397089	2171996090
2175985183	489497131	2175997675
2179985183	489597105	2179997202
2183985183	489697084	2183996229
2187985224	489797113	2187998186
2191985183	489897104	2191997142
2195985183	489997074	2195995899
2199985183	490097066	2199995425
2203985183	490197093	2203997009
2207985183	490297067	2207995679
2211985183	490397061	2211995430
2215985183	490496948	2215987858
2219985183	490597230	2220004772
2223985183	490697093	2223997846
2227985224	490797085	2227997230
2231985183	490897104	2231997990
2235985183	490997060	2235996032
2239985183	491097051	2239995433
2243985183	491197081	2243997126
2247985183	491297053	2247996018
2251985183	491397051	2251995675
2255985183	491497077	2255997123
2259985183	491597046	2259995883
2263985183	491697084	2263997627
2267985183	491797093	2267998125
2271985183	491897056	2271996687
2275985183	491997034	2275995427
2279985183	492097160	2280003506
2283985183	492197067	2283997655
2287985183	492297035	2287995774
2291985183	492397058	2291997113
2295985183	492497035	2295996120
2299985183	492597024	2299995424
2303985183	492697100	2303999195
2307985224	492797070	2307998991
2311985183	492897039	2311996278
2315985183	492997045	2315996980
2319985183	493097024	2319996050
2323985183	493197013	2323995424
2327985183	493297039	2327997006
2331985183	493397017	2331995877
2335985183	493497009	2335995427
2339985224	493597132	2340000971
2343985183	493697013	2343995931
2347985183	493797077	2347998875
2351985183	493897047	2351997654
2355985183	493997007	2355996180
2359985183	494097003	2359995578
2363985183	494197024	2363996641
2367985183	494297002	2367996002
2371985183	494396994	2371995363
2375985183	494497017	2375996639
2379985183	494596995	2379995995
2383985183	494696987	2383995353
2387985183	494796879	2387988052
2391985183	494897050	2391998111
2395985183	494996980	2395995546
2399985183	495096992	2399995863
2403985305	495197124	2404004192
2407985183	495296998	2407997174
2411985183	495396982	2411995699
2415985183	495497001	2415996764
2419985183	495596982	2419996126
2423985183	495696978	2423995582
2427985183	495797029	2427998254
2431985183	495896984	2431996500
2435985183	495997010	2435997161
2439985183	496097002	2439997427
2443985183	496196970	2443996459
2447985183	496296966	2447995583
2451985183	496396984	2451996595
2455985183	496496968	2455996267
2459985183	496596956	2459995363
2463985224	496697103	2464004511
2467985183	496796991	2467998417
2471985183	496896960	2471995895
2475985183	496997026	2475999131
2479985183	497096971	2479997069
2483985183	497196952	2483995670
2487985183	497296967	2487996712
2491985183	497396950	2491995931
2495985183	497496941	2495995365
2499985183	497596958	2499996632
2503985183	497696943	2503995931
2507985183	497796970	2507997696
2511985183	497896971	2511997598
2515985183	497996934	2515995684
2519985183	498096969	2519996857
2523985224	498197089	2524005178
2527985183	498296936	2527996266
2531985183	498396932	2531995699
2535985183	498496953	2535997174
2539985183	498596922	2539995746
2543985183	498696924	2543995587
2547985183	498796967	2547997979
2551985183	498896917	2551995796
2555985183	498996913	2555995354
2559985183	499096792	2559987508
2563985183	499196975	2563998176
2567985183	499296921	2567996439
2571985183	499396915	2571995640
2575985183	499496933	2575996749
2579985183	499596913	2579995893
2583985183	499696905	2583995358
2587985183	499796803	2587988309
2591985224	499897047	2592004462
2595985183	499996913	2595996817
2599985183	500096929	2599997081
2603985183	500196894	2603995693
2607985183	500296945	2607997439
2611985183	500396931	2611997733
2615985183	500496896	2615996063
2619985183	500596894	2619995588
2623985183	500696915	2623997007
2627985183	500796938	2627999143
2631985183	500896892	2631995898
2635985183	500996907	2635996883
2639985183	501096883	2639995811
2643985183	501196883	2643995582
2647985386	501297062	2648003610
2651985183	501396880	2651995937
2655985183	501496880	2655995735
2659985183	501596900	2659996874
2663985183	501696877	2663996066
2667985183	501796896	2667997784
2671985183	501896920	2671998006
2675985183	501996865	2675995630
2679985183	502096862	2679995357
2683985183	502196889	2683996940
2687985183	502296859	2687995684
2691985183	502396896	2691997230
2695985183	502496894	2695997378
2699985183	502596855	2699995633
2703985183	502696852	2703995354
2707985224	502796992	2708003984
2711985183	502896872	2711997199
2715985183	502996853	2715995695
2719985183	503096874	2719997054
2723985183	503196847	2723995976
2727985183	503296847	2727995583
2731985183	503396726	2731987752
2735985183	503496900	2735998267
2739985183	503596848	2739996218
2743985183	503696843	2743995585
2747985183	503796886	2747998631
2751985183	503896855	2751997110
2755985183	503996831	2755995370
2759985183	504096855	2759996867
2763985183	504196833	2763996114
2767985183	504296831	2767995589
2771985224	504396969	2772004351
2775985183	504496886	2775998623
2779985183	504596829	2779995969
2783985183	504696854	2783997439
2787985183	504796866	2787998698
2791985183	504896835	2791996259
2795985183	504996847	2795997136
2799985183	505096813	2799995687
2803985183	505196816	2803995585
2807985183	505296837	2807997156
2811985183	505396806	2811995693
2815985183	505496802	2815995357
2819985183	505596836	2819997349
2823985183	505696805	2823995775
2827985183	505796841	2827998047
2831985224	505896942	2832004378
2835985183	505996814	2835996778
2839985183	506096800	2839995698
2843985183	506196824	2843997094
2847985183	506296792	2847995806
2851985183	506396794	2851995583
2855985183	506496825	2855997391
2859985183	506596836	2859997683
2863985183	506696796	2863996043
2867985183	506796843	2867998373
2871985183	506896797	2871996320
2875985183	506996782	2875995355
2879985183	507096806	2879996798
2883985183	507196777	2883995805
2887985183	507296779	2887995582
2891985224	507396911	2892004278
2895985183	507496786	2895996782
2899985183	507596773	2899995702
2903985183	507696661	2903988334
2907985183	507796817	2907998477
2911985183	507896780	2911996424
2915985183	507996767	2915995390
2919985183	508096785	2919996601
2923985183	508196762	2923996035
2927985183	508296763	2927995585
2931985183	508396782	2931996724
2935985183	508496757	2935995962
2939985183	508596758	2939995582
2943985183	508696797	2943997554
2947985183	508796791	2947998429
2951985183	508896757	2951995820
2955985224	508996894	2956004483
2959985183	509096760	2959996714
2963985183	509196748	2963995705
2967985183	509296774	2967997009
2971985183	509396744	2971995805
2975985183	509496746	2975995588
2979985183	509596771	2979997400
2983985183	509696738	2983995835
2987985183	509796822	2987999724
2991985183	509896774	2991997681
2995985183	509996737	2995996023
2999985183	510096736	2999995583
3003985183	510196755	3003997009
3007985183	510296726	3007995893
3011985183	510396721	3011995358
3015985224	510496869	3016004661
3019985183	510596735	3019996771
3023985183	510696723	3023995784
3027985183	510796806	3027999703
3031985183	510896742	3031997485
3035985183	510996719	3035995669
3039985183	511096732	3039996557
3043985183	511196715	3043995908
3047985183	511296706	3047995364
3051985183	511396730	3051996557
3055985183	511496713	3055995907
3059985183	511596704	3059995358
3063985208	511696598	3063988639
3067985386	511796865	3068003514
3071985183	511896706	3071996637
3075985183	511996700	3075995578
3079985183	512096836	3080004090
3083985183	512196712	3083997098
3087985183	512296695	3087995705
3091985183	512396709	3091996684
3095985183	512496691	3095996004
3099985183	512596688	3099995579
3103985183	512696709	3103996840
3107985224	512796738	3107998887
3111985183	512896735	3111997842
3115985183	512996720	3115997742
3119985183	513096678	3119995895
3123985183	513196680	3123995594
3127985183	513296704	3127997156
3131985183	513396675	3131995820
3135985183	513496669	3135995359
3139985183	513596824	3140004897
3143985183	513696677	3143996440
3147985224	513796704	3147997699
3151985183	513896747	3151999638
3155985183	513996683	3155996994
3159985183	514096664	3159995661
3163985183	514196684	3163996923
3167985183	514296659	3167995847
3171985183	514396652	3171995358
3175985183	514496677	3175996839
3179985183	514596655	3179995846
3183985183	514696648	3183995358
3187985183	514796693	3187997739
3191985183	514896654	3191996114
3195985183	514996678	3195996946
3199985183	515096788	3200004493
3203985183	515196652	3203996454
3207985183	515296643	3207995694
3211985183	515396667	3211997212
3215985183	515496639	3215995872
3219985183	515596638	3219995585
3223985183	515696659	3223997148
3227985224	515796677	3227998543
3231985183	515896634	3231995801
3235985183	515996512	3235987752
3239985183	516096694	3239998265
3243985183	516196639	3243996437
3247985183	516296633	3247995635
3251985183	516396642	3251996797
3255985183	516496626	3255995968
3259985183	516596616	3259995363
3263985183	516696763	3264004429
3267985224	516796651	3267998168
3271985183	516896626	3271996048
3275985183	516996647	3275997701
3279985183	517096608	3279995574
3283985183	517196651	3283997339
3287985183	517296653	3287998380
3291985183	517396606	3291995757
3295985183	517496601	3295995360
3299985183	517596630	3299997188
3303985183	517696599	3303995697
3307985183	517796627	3307997482
3311985183	517896636	3311997822
3315985183	517996593	3315995580
3319985183	518096596	3319995588
3323985183	518196796	3324006358
3327985183	518296596	3327996279
3331985183	518396596	3331995900
3335985183	518496609	3335996833
3339985183	518596589	3339996125
3343985183	518696585	3343995583
3347985224	518796629	3347998193
3351985183	518896584	3351996007
3355985183	518996575	3355995365
3359985183	519096594	3359996603
3363985183	519196577	3363995995
3367985183	519296623	3367997951
3371985183	519396598	3371997178
3375985183	519496568	3375995676
3379985183	519596564	3379995357
3383985183	519696718	3384005188
3387985224	519796600	3387998026
3391985183	519896567	3391995778
3395985183	519996595	3395997797
3399985183	520096558	3399995700
3403985183	520196559	3403995588
3407985183	520296439	3407987801
3411985183	520396610	3411998299
3415985183	520496561	3415996327
3419985183	520596555	3419995614
3423985183	520696570	3423996859
3427985183	520796582	3427997638
3431985183	520896544	3431995360
3435985183	520996583	3435997962
3439985183	521096543	3439995705
3443985183	521196544	3443995585
3447985183	521296685	3448004850
3451985183	521396549	3451996311
3455985183	521496583	3455997400
3459985183	521596567	3459997659
3463985183	521696533	3463995830
3467985224	521796580	3467998818
3471985183	521896569	3471997837
3475985183	521996526	3475995707
3479985183	522096528	3479995582
3483985346	522196652	3484001925
3487985183	522296527	3487996101
3491985183	522396517	3491995301
3495985183	522496593	3495999053
3499985183	522596522	3499996394
3503985183	522696522	3503995776
3507985224	522796415	3507988717
3511985183	522896641	3512003624
3515985183	522996528	3515997206
3519985183	523096542	3519997220
3523985183	523196502	3523995766
3527985183	523296508	3527995609
3531985183	523396536	3531997429
3535985183	523496502	3535996072
3539985183	523596542	3539997376
3543985183	523696527	3543997292
3547985224	523796538	3547998773
3551985183	523896509	3551996443
3555985183	523996519	3555996930
3559985183	524096490	3559995910
3563985183	524196492	3563995589
3567985183	524296634	3568004679
3571985183	524396500	3571996730
3575985183	524496487	3575995698
3579985183	524596368	3579987831
3583985183	524696545	3583998241
3587985224	524796530	3587998906
3591985183	524896493	3591996118
3595985183	524996511	3595997377
3599985183	525096467	3599995564
3603985183	525196476	3603995588
3607985183	525296504	3607997419
3611985183	525396461	3611995447
3615985183	525496470	3615995589
3619985183	525596495	3619997195
3623985183	525696463	3623995674
3627985183	525796537	3627999372
3631985183	525896616	3632005070
3635985183	525996465	3635996253
3639985183	526096460	3639995700
3643985183	526196482	3643997136
3647985183	526296453	3647995701
3651985183	526396455	3651995584
3655985183	526496479	3655997323
3659985183	526596448	3659995738
3663985183	526696444	3663995357
3667985224	526796541	3668000068
3671985183	526896461	3671997086
3675985183	526996438	3675995378
3679985183	527096461	3679996608
3683985183	527196442	3683995885
3687985183	527296440	3687995585
3691985183	527396581	3692004693
3695985183	527496445	3695996549
3699985183	527596436	3699995783
3703985183	527696456	3703997004
3707985224	527796462	3707998138
3711985183	527896484	3711997944
3715985183	527996460	3715997870
3719985183	528096420	3719995764
3723985183	528196421	3723995583
3727985183	528296442	3727996938
3731985183	528396419	3731995696
3735985183	528496412	3735995363
3739985183	528596438	3739996941
3743985183	528696414	3743995693
3747985183	528796446	3747997943
3751985183	528896298	3751987984
3755985183	528996597	3756005649
3759985183	529096433	3759996951
3763985183	529196409	3763995760
3767985183	529296422	3767996647
3771985183	529396410	3771996069
3775985183	529496403	3775995588
3779985183	529596413	3779996681
3783985183	529696406	3783996117
3787985224	529796434	3787998124
3791985183	529896424	3791997406
3795985183	529996391	3795995762
3799985183	530096440	3799997962
3803985183	530196415	3803997240
3807985183	530296388	3807995801
3811985183	530396381	3811995364
3815985183	530496532	3816004990
3819985183	530596392	3819996322
3823985183	530696383	3823995704
3827985224	530796417	3827997897
3831985183	530896380	3831995990
3835985183	530996376	3835995582
3839985183	531096440	3839999069
3843985183	531196384	3843996539
3847985183	531296364	3847995389
3851985183	531396387	3851996756
3855985183	531496371	3855995892
3859985183	531596361	3859995354
3863985183	531696380	3863996616
3867985183	531796392	3867997243
3871985183	531896362	3871995651
3875985183	531996494	3876004470
3879985183	532096368	3879996501
3883985183	532196399	3883997351
3887985183	532296379	3887997312
3891985183	532396357	3891996095
3895985183	532496351	3895995583
3899985386	532596460	3900001586
3903985183	532696348	3903996297
3907985183	532796377	3907997611
3911985183	532896382	3911998105
3915985183	532996340	3915996056
3919985183	533096339	3919995582
3923985183	533196221	3923987872
3927985183	533296397	3927998265
3931985183	533396334	3931996021
3935985183	533496339	3935995732
3939985224	533596470	3940004563
3943985183	533696345	3943996722
3947985183	533796352	3947997302
3951985183	533896362	3951997717
3955985183	533996325	3955995835
3959985183	534096325	3959995583
3963985183	534196347	3963997046
3967985183	534296321	3967995837
3971985183	534396356	3971997145
3975985183	534496350	3975997779
3979985183	534596316	3979996038
3983985183	534696308	3983995362
3987985183	534796351	3987997731
3991985183	534896310	3991996117
3995985183	534996306	3995995588
3999985224	535096451	4000004543
4003985183	535196311	4003996557
4007985183	535296304	4007995702
4011985183	535396368	4011998778
4015985183	535496313	4015996717
4019985183	535596298	4019995668
4023985183	535696312	4023996719
4027985183	535796335	4027998848
4031985183	535896301	4031996150
4035985183	535996309	4035996756
4039985183	536096287	4039995929
4043985183	536196287	4043995585
4047985183	536296306	4047996984
4051985183	536396282	4051995879
4055985183	536496306	4055996617
4059985224	536596434	4060005220
4063985183	536696286	4063996242
4067985183	536796300	4067997197
4071985183	536896310	4071997964
4075985183	536996267	4075995581
4079985183	537096270	4079995589
4083985183	537196298	4083997398
4087985183	537296264	4087995547
4091985183	537396261	4091995358
4095985183	537496148	4095987831
4099985183	537596310	4099997820
4103985183	537696267	4103996548
4107985183	537796287	4107997405
4111985183	537896302	4111997935
4115985183	537996260	4115995701
4119985183	538096261	4119995585
4123985224	538196405	4124005151
4127985183	538296260	4127996291
4131985183	538396252	4131995709
4135985183	538496276	4135997245
4139985183	538596244	4139995702
4143985183	538696289	4143997380
4147985183	538796299	4147998917
4151985183	538896246	4151996133
4155985183	538996234	4155995364
4159985183	539096256	4159996560
4163985183	539196237	4163995856
4167985183	539296235	4167995582
4171985183	539396254	4171996752
4175985183	539496235	4175995886
4179985183	539596226	4179995363
4183985224	539696430	4184006261
4187985183	539796255	4187997771
4191985183	539896235	4191996247
4195985183	539996258	4195997682
4199985183	540096221	4199995744
4203985183	540196221	4203995582
4207985183	540296238	4207997113
4211985183	540396213	4211995629
4215985183	540496208	4215995357
4219985183	540596235	4219997106
4223985183	540696210	4223995636
4227985183	540796285	4227999542
4231985183	540896241	4231997593
4235985183	540996205	4235995932
4239985183	541096204	4239995584
4243985224	541196355	4244005251
4247985183	541296205	4247996153
4251985183	541396200	4251995704
4255985183	541496222	4255997174
4259985183	541596191	4259995742
4263985183	541696193	4263995585
4267985183	541796089	4267988466
4271985183	541896250	4271998435
4275985183	541996191	4275996068
4279985183	542096193	4279995759
4283985183	542196208	4283996645
4287985183	542296187	4287996160
4291985183	542396185	4291995583
4295985183	542496197	4295996667
4299985183	542596179	4299996100
4303985183	542696171	4303995363
4307985224	542796316	4308004655
4311985183	542896191	4311996587
4315985183	542996215	4315997240
4319985346	543096281	4320001547
4323985183	543196179	4323996379
4327985183	543296161	4327995302
4331985183	543396184	4331996793
4335985183	543496163	4335995972
4339985183	543596161	4339995588
4343985183	543696183	4343996951
4347985224	543796214	4347999351
4351985183	543896172	4351996288
4355985183	543996227	4355999059
4359985183	544096160	4359996559
4363985183	544196156	4363995799
4367985183	544296289	4368004672
4371985183	544396162	4371996626
4375985183	544496147	4375995694
4379985183	544596163	4379996744
4383985183	544696144	4383995980
4387985224	544796178	4387998235
4391985183	544896163	4391997050
4395985183	544996134	4395995811
4399985183	545096181	4399997593
4403985183	545196178	4403998348
4407985183	545296130	4407995809
4411985183	545396126	4411995363
4415985183	545496155	4415997222
4419985183	545596124	4419995751
4423985183	545696120	4423995357
4427985183	545796274	4428004878
4431985183	545896125	4431996332
4435985183	545996120	4435995695
4439985183	546096111	4439995598
4443985183	546196155	4443997772
4447985183	546296113	4447995729
4451985183	546396117	4451995610
4455985183	546496144	4455997397
4459985183	546596111	4459995859
4463985183	546696111	4463995589
4467985224	546796176	4467999389
4471985183	546896105	4471995902
4475985183	546996100	4475995353
4479985183	547096130	4479997065
4483985183	547196128	4483997028
4487985183	547296104	4487995859
4491985183	547396249	4492004917
4495985183	547496101	4495996341
4499985183	547596096	4499995698
4503985183	547696118	4503997090
4507985224	547796134	4507998778
4511985183	547896090	4511995654
4515985183	547996114	4515997218
4519985183	548096082	4519995810
4523985183	548196084	4523995578
4527985183	548296127	4527998564
4531985183	548396078	4531995931
4535985183	548496073	4535995358
4539985183	548596103	4539997199
4543985183	548696074	4543995825
4547985183	548796112	4547998124
4551985386	548896035	4551992033
4555985265	548996166	4556000027
4559985183	549096082	4559996723
4563985183	549196116	4563997978
4567985183	549296119	4567998348
4571985183	549396079	4571996296
4575985183	549496098	4575997411
4579985183	549596058	4579995929
4583985183	549696059	4583995588
4587985224	549796109	4587998243
4591985183	549896055	4591995967
4595985183	549996051	4595995540
4599985183	550096175	4600000624
4603985183	550196052	4603995967
4607985183	550296047	4607995545
4611985183	550396067	4611996581
4615985183	550496165	4616003521
4619985183	550596060	4619997188
4623985183	550696045	4623995683
4627985224	550796097	4627999198
4631985183	550896042	4631996211
4635985183	550996036	4635995538
4639985183	551096055	4639996792
4643985183	551196030	4643995864
4647985183	551296031	4647995544
4651985183	551396101	4651999015
4655985183	551496039	4655996784
4659985183	551596025	4659995599
4663985183	551696041	4663996779
4667985183	551796057	4667998082
4671985183	551896025	4671995755
4675985183	551996147	4676004012
4679985183	552096032	4679996959
4683985183	552196015	4683995547
4687985183	552296042	4687997219
4691985183	552396012	4691995906
4695985183	552496055	4695997359
4699985183	552596034	4699997368
4703985183	552696008	4703996005
4707985224	552796040	4707998266
4711985183	552896031	4711997270
4715985183	552995997	4715995718
4719985183	553095999	4719995542
4723985183	553196020	4723997111
4727985183	553295991	4727995630
4731985183	553395987	4731995311
4735985183	553496176	4736005503
4739985183	553596008	4739996936
4743985183	553695989	4743995541
4747985224	553796041	4747998359
4751985183	553895997	4751996360
4755985183	553995984	4755995541
4759985183	554095999	4759996755
4763985183	554195986	4763996004
4767985183	554295973	4767995317
4771985183	554395851	4771987431
4775985183	554495992	4775996589
4779985183	554596008	4779997467
4783985183	554695974	4783995665
4787985183	554796014	4787997882
4791985183	554895983	4791996465
4795985183	554995963	4795995314
4799985183	555096088	4800003613
4803985183	555195987	4803997063
4807985183	555295964	4807995546
4811985183	555395992	4811997302
4815985183	555495959	4815995785
4819985183	555596003	4819997604
4823985183	555695984	4823997303
4827985224	555795990	4827998561
4831985183	555895966	4831996085
4835985183	555995972	4835996889
4839985183	556095947	4839995800
4843985183	556195947	4843995542
4847985183	556295967	4847997038
4851985183	556395943	4851995775
4855985183	556495936	4855995321
4859985183	556596119	4860005189
4863985183	556695966	4863997158
4867985224	556795954	4867996808
4871985183	556895985	4871998304
4875985183	556995929	4875995680
4879985183	557095931	4879995546
4883985183	557195954	4883997191
4887985183	557295924	4887995509
4891985183	557395921	4891995313
4895985183	557495947	4895997140
4899985183	557595918	4899995515
4903985183	557695957	4903997382
4907985183	557795967	4907997938
4911985183	557895924	4911996079
4915985183	557995917	4915995541
4919985183	558096035	4920003539
4923985183	558195935	4923997349
4927985183	558295911	4927995542
4931985183	558395943	4931997328
4935985183	558495907	4935995901
4939985183	558595906	4939995547
4943985183	558695787	4943987756
4947985224	558795983	4948000180
4951985183	558895925	4951997107
4955985183	558995903	4955995685
4959985183	559095909	4959996315
4963985183	559195902	4963996408
4967985183	559295893	4967995547
4971985183	559395902	4971996309
4975985183	559495900	4975996348
4979985183	559595884	4979995316
4983985183	559696007	4984003703
4987985224	559795982	4988000444
4991985183	559895895	4991996028
4995985183	559995919	4995998040
4999985183	560095890	4999996164
5003985183	560195879	5003995541
5007985183	560295896	5007996741
5011985183	560395878	5011995889
5015985183	560495868	5015995311
5019985183	560595891	5019996740
5023985183	560695873	5023995886
5027985183	560795899	5027997512
5031985183	560895904	5031998251
5035985183	560995869	5035995909
5039985183	561095864	5039995546
5043985183	561195998	5044004378
5047985183	561295868	5047996536
5051985183	561395859	5051995541
5055985183	561495892	5055997553
5059985183	561595851	5059995655
5063985183	561695853	5063995546
5067985224	561795895	5067998075
5071985183	561895893	5071997758
5075985183	561995857	5075996207
5079985183	562095869	5079996827
5083985183	562195843	5083995742
5087985183	562295843	5087995540
5091985183	562395864	5091996972
5095985183	562495836	5095995646
5099985183	562595832	5099995319
5103985183	562695970	5104004392
5107985224	562795869	5107998387
5111985183	562895835	5111995656
5115985183	562995728	5115988581
5119985183	563095855	5119997145
5123985183	563195821	5123995354
5127985183	563295822	5127995346
5131985183	563395852	5131997130
5135985183	563495815	5135995408
5139985183	563595822	5139995536
5143985346	563695915	5144000626
5147985224	563795845	5147997967
5151985183	563895829	5151996084
5155985183	563995895	5155999628
5159985183	564095830	5159996780
5163985183	564195817	5163995737
5167985183	564295933	5168003759
5171985183	564395825	5171997158
5175985183	564495804	5175995546
5179985183	564595827	5179996830
5183985183	564695813	5183996270
5187985224	564795831	5187997802
5191985183	564895823	5191997074
5195985183	564995794	5195995768
5199985183	565095838	5199997420
5203985265	565195924	5204001459
5207985183	565295790	5207995951
5211985183	565395787	5211995399
5215985183	565495806	5215996577
5219985183	565595789	5219995843
5223985183	565695785	5223995544
5227985183	565795834	5227998049
5231985183	565895777	5231995568
5235985183	565995773	5235995320
5239985183	566095850	5239998443
5243985183	566195782	5243996434
5247985183	566295790	5247996004
5251985183	566395789	5251996412
5255985183	566495770	5255995775
5259985183	566595763	5259995315
5263985224	566695909	5264004830
5267985183	566795804	5267998508
5271985183	566895766	5271995616
5275985183	566995649	5275987945
5279985183	567095778	5279996651
5283985183	567195794	5283997150
5287985183	567295658	5287988563
5291985183	567395765	5291996342
5295985183	567495750	5295995619
5299985183	567595750	5299995402
5303985183	567695772	5303996749
5307985183	567795779	5307997771
5311985183	567895747	5311995561
5315985183	567995781	5315997760
5319985183	568095742	5319995894
5323985183	568195773	5323996868
5327985224	568295895	5328005359
5331985183	568395741	5331996142
5335985183	568495739	5335995542
5339985183	568595765	5339997385
5343985183	568695731	5343995541
5347985183	568795778	5347998435
5351985183	568895759	5351997252
5355985183	568995726	5355995541
5359985183	569095729	5359995539
5363985183	569195801	5363999438
5367985183	569295734	5367996564
5371985183	569395717	5371995342
5375985183	569495740	5375996953
5379985183	569595718	5379995730
5383985183	569695711	5383995327
5387985224	569795860	5388004650
5391985183	569895726	5391996930
5395985183	569995712	5395995546
5399985183	570095731	5399996844
5403985183	570195707	5403995896
5407985183	570295751	5407997420
5411985183	570395732	5411997378
5415985183	570495703	5415995893
5419985183	570595696	5419995310
5423985183	570695723	5423996984
5427985183	570795740	5427998823
5431985183	570895705	5431995999
5435985183	570995715	5435996718
5439985183	571095692	5439995740
5443985183	571195692	5443995546
5447985224	571295887	5448006021
5451985183	571395702	5451996836
5455985183	571495691	5455995732
5459985183	571595567	5459987774
5463985183	571695697	5463996439
5467985183	571795708	5467997587
5471985183	571895689	5471996076
5475985183	571995706	5475997031
5479985183	572095672	5479995674
5483985183	572195676	5483995539
5487985183	572295701	5487997131
5491985183	572395710	5491997821
5495985183	572495676	5495995760
5499985183	572595696	5499997140
5503985183	572695669	5503995818
5507985183	572795696	5507997731
5511985224	572895791	5512003849
5515985183	572995688	5515997378
5519985183	573095661	5519995539
5523985183	573195679	5523996919
5527985183	573295656	5527995780
5531985183	573395655	5531995541
5535985183	573495681	5535997631
5539985183	573595654	5539996036
5543985183	573695642	5543995316
5547985183	573795696	5547998320
5551985183	573895663	5551996610
5555985183	573995639	5555995311
5559985386	574095756	5560001839
5563985183	574195663	5563997044
5567985183	574295632	5567995260
5571985183	574395763	5572003866
5575985183	574495715	5575999136
5579985183	574595646	5579996190
5583985183	574695656	5583997246
5587985224	574795668	5587998735
5591985183	574895637	5591996077
5595985183	574995652	5595997034
5599985183	575095622	5599995726
5603985183	575195623	5603995542
5607985183	575295647	5607997157
5611985183	575395618	5611995733
5615985183	575495612	5615995317
5619985183	575595638	5619997226
5623985183	575695616	5623995883
5627985183	575795648	5627998276
5631985183	575895496	5631987885
5635985183	575995733	5636003544
5639985183	576095630	5639997236
5643985183	576195610	5643995632
5647985183	576295622	5647996678
5651985183	576395602	5651995872
5655985183	576495604	5655995622
5659985183	576595666	5659999025
5663985183	576695611	5663996361
5667985224	576795637	5667998366
5671985183	576895618	5671997023
5675985183	576995590	5675995834
5679985183	577095591	5679995537
5683985183	577195613	5683997083
5687985183	577295588	5687995845
5691985183	577395581	5691995320
5695985183	577495721	5696004346
5699985183	577595596	5699996817
5703985183	577695625	5703997351
5707985224	577795628	5707998410
5711985183	577895590	5711996532
5715985183	577995576	5715995542
5719985183	578095590	5719996511
5723985183	578195573	5723995801
5727985183	578295565	5727995317
5731985183	578395586	5731996508
5735985183	578495569	5735995807
5739985183	578595561	5739995322
5743985183	578695614	5743997845
5747985183	578795591	5747997260
5751985183	578895565	5751995854
5755985183	578995687	5756003739
5759985183	579095577	5759997252
5763985183	579195556	5763995547
5767985183	579295432	5767987557
5771985183	579395560	5771996139
5775985183	579495541	5775995586
5779985183	579595577	5779997296
5783985183	579695544	5783995801
5787985224	579795632	5787999903
5791985183	579895578	5791997557
5795985183	579995541	5795996159
5799985183	580095540	5799995541
5803985183	580195537	5803995549
5807985183	580295561	5807996982
5811985183	580395535	5811996009
5815985183	580495534	5815995539
5819985183	580595667	5820004102
5823985183	580695548	5823997069
5827985224	580795556	5827997193
5831985183	580895572	5831998492
5835985183	580995526	5835996083
5839985183	581095527	5839995619
5843985183	581195542	5843996866
5847985183	581295519	5847995718
5851985183	581395513	5851995316
5855985183	581495537	5855996869
5859985183	581595514	5859995719
5863985183	581695508	5863995316
5867985183	581795555	5867997904
5871985183	581895544	5871997362
5875985183	581995517	5875995981
5879985183	582095636	5880003893
5883985183	582195524	5883997193
5887985183	582295503	5887995541
5891985183	582395522	5891996885
5895985183	582495501	5895995961
5899985183	582595498	5899995543
5903985183	582695516	5903996943
5907985224	582795532	5907998455
5911985183	582895499	5911995913
5915985183	582995519	5915997629
5919985183	583095492	5919996265
5923985183	583195487	5923995541
5927985183	583295503	5927996823
5931985183	583395484	5931995862
5935985183	583495476	5935995320
5939985183	583595611	5940003948
5943985183	583695498	5943997171
5947985224	583795502	5947997195
5951985183	583895500	5951997273
5955985183	583995514	5955997730
5959985183	584095491	5959996793
5963985183	584195489	5963996869
5967985183	584295467	5967995784
5971985183	584395460	5971995316
5975985183	584495457	5975995284
5979985346	584595575	5980001482
5983985183	584695472	5983996388
5987985224	584795483	5987996748
5991985183	584895494	5991997594
5995985183	584995457	5995995654
5999985183	585095499	5999997436
6003985183	585195591	6004004173
6007985183	585295470	6007997032
6011985183	585395451	6011995542
6015985183	585495473	6015997032
6019985183	585595447	6019995786
6023985183	585695446	6023995547
6027985224	585795488	6027998013
6031985183	585895451	6031996305
6035985183	585995434	6035995314
6039985183	586095514	6039999026
6043985183	586195452	6043996906
6047985183	586295435	6047995690
6051985183	586395448	6051996671
6055985183	586495435	6055996005
6059985183	586595422	6059995316
6063985183	586695567	6064004219
6067985224	586795455	6067998218
6071985183	586895435	6071995952
6075985183	586995452	6075997440
6079985183	587095419	6079995616
6083985183	587195461	6083997380
6087985183	587295454	6087997996
6091985183	587395412	6091995792
6095985183	587495407	6095995322
6099985183	587595433	6099996939
6103985183	587695408	6103995672
6107985183	587795433	6107997187
6111985183	587895443	6111997713
6115985183	587995403	6115995613
6119985183	588095404	6119995545
6123985183	588195601	6124006148
6127985183	588295406	6127996544
6131985183	588395403	6131995736
6135985183	588495279	6135987772
6139985183	588595407	6139996282
6143985183	588695386	6143995412
6147985224	588795432	6147998128
6151985183	588895433	6151997744
6155985183	588995380	6155995474
6159985183	589095388	6159995545
6163985183	589195418	6163997374
6167985183	589295424	6167997852
6171985183	589395391	6171995844
6175985183	589495412	6175997305
6179985183	589595377	6179995678
6183985183	589695373	6183995320
6187985183	589795508	6188003930
6191985183	589895394	6191997170
6195985183	589995373	6195995545
6199985183	590095395	6199997131
6203985183	590195367	6203995786
6207985183	590295407	6207997456
6211985183	590395395	6211997374
6215985183	590495364	6215995838
6219985183	590595356	6219995322
6223985183	590695383	6223997100
6227985224	590795395	6227998381
6231985183	590895368	6231996370
6235985183	590995377	6235996881
6239985183	591095351	6239995616
6243985183	591195352	6243995547
6247985183	591295535	6248005474
6251985183	591395366	6251997081
6255985183	591495351	6255995744
6259985183	591595361	6259996644
6263985183	591695350	6263996295
6267985224	591795373	6267997684
6271985183	591895372	6271997495
6275985183	591995334	6275995663
6279985183	592095336	6279995538
6283985183	592195357	6283997144
6287985183	592295329	6287995641
6291985183	592395366	6291997429
6295985183	592495358	6295997369
6299985183	592595324	6299995635
6303985183	592695320	6303995314
6307985183	592795223	6307988407
6311985183	592895451	6312003792
6315985183	592995343	6315997471
6319985183	593095320	6319995545
6323985183	593195336	6323996767
6327985183	593295318	6327996001
6331985183	593395358	6331997516
6335985183	593495335	6335997200
6339985183	593595316	6339996085
6343985183	593695303	6343995317
6347985224	593795362	6347998657
6351985183	593895321	6351996748
6355985183	593995299	6355995316
6359985183	594095317	6359996385
6363985183	594195307	6363996150
6367985183	594295300	6367995539
6371985183	594395485	6372005613
6375985183	594495323	6375997252
6379985183	594595295	6379995541
6383985183	594695306	6383996675
6387985224	594795335	6387998693
6391985183	594895299	6391996114
6395985346	594995401	6396001820
6399985183	595095305	6399996883
6403985183	595195277	6403995257
6407985183	595295303	6407996811
6411985183	595395278	6411995843
6415985183	595495321	6415997515
6419985183	595595309	6419997460
6423985183	595695274	6423995853
6427985224	595795308	6427998304
6431985183	595895416	6432004630
6435985183	595995276	6435996705
6439985183	596095266	6439995542
6443985183	596195289	6443996934
6447985183	596295260	6447995853
6451985183	596395262	6451995540
6455985183	596495333	6455999234
6459985183	596595263	6459996203
6463985183	596695257	6463995514
6467985224	596795308	6467998412
6471985183	596895259	6471996171
6475985183	596995248	6475995315
6479985183	597095126	6479987431
6483985183	597195260	6483996208
6487985183	597295237	6487995395
6491985183	597395246	6491995565
6495985183	597495434	6496005856
6499985183	597595263	6499997043
6503985183	597695240	6503995546
6507985224	597795294	6507999077
6511985183	597895245	6511996238
6515985183	597995236	6515995544
6519985183	598095251	6519996609
6523985183	598195236	6523995958
6527985183	598295232	6527995537
6531985183	598395252	6531997070
6535985183	598495231	6535995891
6539985183	598595262	6539997409
6543985183	598695251	6543997290
6547985183	598795270	6547998647
6551985183	598895223	6551995720
6555985183	598995348	6556003977
6559985183	599095236	6559997039
6563985183	599195215	6563995566
6567985183	599295242	6567996839
6571985183	599395223	6571995863
6575985183	599495220	6575995540
6579985183	599595280	6579999420
6583985183	599695217	6583996222
6587985224	599795243	6587998108
6591985183	599895230	6591997264
6595985183	599995202	6595995820
6599985183	600095200	6599995539
6603985183	600195221	6603997112
6607985183	600295193	6607995625
6611985183	600395189	6611995311
6615985183	600495334	6616004554
6619985183	600595208	6619996806
6623985183	600695230	6623997225
6627985224	600795237	6627998599
6631985183	600895199	6631996452
6635985183	600995184	6635995545
6639985183	601095201	6639996702
6643985183	601195184	6643995844
6647985183	601295173	6647995320
6651985183	601395053	6651987512
6655985183	601495191	6655996414
6659985183	601595167	6659995348
6663985183	601695174	6663995566
6667985183	601795210	6667997864
6671985183	601895182	6671996581
6675985183	601995169	6675995496
6679985183	602095298	6680004149
6683985183	602195183	6683996918
6687985183	602295164	6687995536
6691985183	602395183	6691996925
6695985183	602495160	6695995788
6699985183	602595159	6699995540
6703985183	602695183	6703997353
6707985224	602795249	6708000651
6711985183	602895167	6711996548
6715985183	602995170	6715996599
6719985183	603095154	6719996058
6723985183	603195148	6723995540
6727985183	603295158	6727996540
6731985183	603395148	6731996090
6735985183	603495135	6735995316
6739985183	603595278	6740004325
6743985183	603695156	6743996987
6747985224	603795165	6747997155
6751985183	603895179	6751998580
6755985183	603995137	6755996028
6759985183	604095134	6759995622
6763985183	604195153	6763997018
6767985183	604295124	6767995552
6771985183	604395121	6771995320
6775985183	604495148	6775997017
6779985183	604595119	6779995558
6783985183	604695116	6783995314
6787985183	604795165	6787997994
6791985183	604895146	6791997174
6795985183	604995121	6795995816
6799985183	605094995	6799987899
6803985183	605195246	6804003958
6807985183	605295127	6807997059
6811985386	605395029	6811994528
6815985183	605495155	6815998519
6819985183	605595103	6819995488
6823985183	605694985	6823987677
6827985183	605795164	6827999404
6831985183	605895173	6831999009
6835985183	605995112	6835996306
6839985183	606095115	6839996606
6843985183	606195099	6843995985
6847985183	606295094	6847995595
6851985183	606395110	6851996659
6855985183	606495095	6855995957
6859985183	606595090	6859995594
6863985224	606695232	6864004725
6867985183	606795132	6867998752
6871985183	606895086	6871995609
6875985183	606995123	6875998303
6879985183	607095085	6879996063
6883985183	607195081	6883995545
6887985183	607295097	6887996835
6891985183	607395079	6891995873
6895985183	607495069	6895995315
6899985183	607595091	6899996831
6903985183	607695073	6903995864
6907985183	607795105	6907997643
6911985183	607895094	6911997407
6915985183	607995099	6915997279
6919985183	608095068	6919995819
6923985224	608195220	6924005269
6927985183	608295061	6927996342
6931985183	608395059	6931995545
6935985183	608495080	6935996970
6939985183	608595051	6939995809
6943985183	608695053	6943995545
6947985183	608795094	6947997665
6951985386	608895009	6951991756
6955985183	608995177	6956001100
6959985265	609094985	6959997023
6963985183	609195095	6963998662
6967985183	609295047	6967995763
6971985183	609395052	6971996454
6975985183	609495052	6975996285
6979985183	609595032	6979995389
6983985183	609695049	6983996678
6987985224	609795081	6987998681
6991985183	609895044	6991996209
6995985183	609994910	6995987604
6999985183	610095077	6999997743
7003985183	610195049	7003997011
7007985183	610295024	7007995519
7011985183	610395035	7011996401
7015985183	610495036	7015996187
7019985183	610595017	7019995383
7023985183	610695149	7024004033
7027985224	610795061	7027998955
7031985183	610895024	7031995901
7035985183	610995045	7035997705
7039985183	611095062	7039997804
7043985183	611195023	7043996570
7047985183	611295033	7047997049
7051985183	611395011	7051995994
7055985183	611495000	7055995383
7059985183	611595026	7059996905
7063985183	611695006	7063995989
7067985183	611795029	7067997447
7071985183	611895033	7071997719
7075985183	611995004	7075996163
7079985183	612094991	7079995386
7083985183	612195140	7084004832
7087985183	612295004	7087996665
7091985183	612394991	7091995638
7095985183	612495017	7095997409
7099985183	612594986	7099995608
7103985183	612694980	7103995385
7107985224	612795027	7107998159
7111985183	612894984	7111995762
7115985183	612994975	7115995389
7119985183	613095005	7119997103
7123985183	613195018	7123997403
7127985183	613294986	7127996657
7131985183	613394996	7131997006
7135985183	613494971	7135995698
7139985183	613594964	7139995392
7143985183	613695110	7144004694
7147985224	613795010	7147998817
7151985183	613894968	7151995718
7155985183	613994995	7155997653
7159985183	614094964	7159995858
7163985183	614194955	7163995389
7167985196	614294891	7167989961
7171985183	614394985	7171997429
7175985183	614494950	7175995576
7179985183	614594954	7179995610
7183985183	614694970	7183996842
7187985183	614794985	7187997854
7191985183	614894948	7191995539
7195985183	614994978	7195997649
7199985183	615094948	7199995917
7203985183	615194938	7203995390
7207985183	615295146	7208006435
7211985183	615394945	7211996356
7215985183	615494943	7215995731
7219985183	615594961	7219997040
7223985183	615694937	7223995939
7227985224	615794980	7227998508
7231985183	615894963	7231997522
7235985183	615994925	7235995506
7239985183	616094928	7239995574
7243985183	616194952	7243997308
7247985183	616294922	7247995564
7251985183	616394963	7251997638
7255985183	616494950	7255997419
7259985183	616594914	7259995478
7263985183	616694911	7263995347
7267985183	616795046	7268003788
7271985183	616894938	7271997426
7275985183	616994913	7275995599
7279985183	617094935	7279997081
7283985183	617194909	7283995803
7287985183	617294908	7287995580
7291985183	617394971	7291998994
7295985183	617494913	7295996231
7299985183	617594898	7299995509
7303985183	617694917	7303996773
7307985224	617794940	7307998662
7311985183	617894906	7311996304
7315985183	617994918	7315997001
7319985183	618094893	7319995763
7323985183	618194893	7323995565
7327985180	618295117	7328007685
7331985183	618394976	7331999597
7335985183	618494893	7335995988
7339985183	618594886	7339995545
7343985183	618694895	7343996773
7347985224	618794944	7347999594
7351985183	618894891	7351996013
7355985183	618994896	7355996839
7359985183	619094881	7359995828
7363985183	619194876	7363995572
7367985183	619294890	7367996889
7371985183	619394877	7371995810
7375985183	619494897	7375996641
7379985183	619594886	7379997144
7383985183	619694873	7383995879
7387985183	619794907	7387998519
7391985183	619894986	7392003695
7395985183	619994884	7395997225
7399985183	620094862	7399995594
7403985183	620194881	7403997076
7407985183	620294855	7407995699
7411985183	620394855	7411995572
7415985183	620494923	7415999332
7419985183	620594858	7419996113
7423985183	620694845	7423995513
7427985224	620794895	7427998291
7431985183	620894860	7431996415
7435985183	620994839	7435995350
7439985183	621094856	7439996436
7443985183	621194844	7443995930
7447985183	621294839	7447995576
7451985183	621394958	7452003631
7455985183	621494859	7455997282
7459985183	621594879	7459997364
7463985183	621694858	7463997333
7467985224	621794869	7467998739
7471985183	621894842	7471996182
7475985183	621994843	7475996624
7479985183	622094824	7479995649
7483985183	622194824	7483995567
7487985183	622294845	7487997066
7491985183	622394821	7491995690
7495985183	622494813	7495995347
7499985183	622594700	7499987782
7503985183	622694852	7503997242
7507985183	622794858	7507998522
7511985183	622894815	7511995721
7515985183	622994942	7516004143
7519985183	623094831	7519997197
7523985183	623194809	7523995639
7527985183	623294824	7527997042
7531985183	623394803	7531995818
7535985183	623494794	7535995386
7539985183	623594827	7539997468
7543985183	623694802	7543995908
7547985224	623794882	7547999896
7551985183	623894832	7551998134
7555985183	623994796	7555996091
7559985183	624094786	7559995384
7563985183	624194812	7563997052
7567985183	624294794	7567996047
7571985183	624394782	7571995385
7575985183	624494921	7576004462
7579985183	624594803	7579997087
7583985183	624694783	7583995644
7587985224	624794864	7587999675
7591985183	624894810	7591997598
7595985183	624994771	7595995497
7599985183	625094790	7599996640
7603985183	625194780	7603995990
7607985183	625294766	7607995389
7611985183	625394784	7611996650
7615985183	625494774	7615995993
7619985183	625594760	7619995384
7623985183	625694780	7623996650
7627985183	625794793	7627997350
7631985183	625894790	7631996793
7635985386	625994896	7636001880
7639985183	626094756	7639995966
7643985183	626194752	7643995402
7647985183	626294776	7647996773
7651985183	626394751	7651995853
7655985183	626494751	7655995546
7659985183	626594771	7659996877
7663985183	626694744	7663995804
7667985183	626794766	7667997473
7671985183	626894625	7671987781
7675985183	626994815	7675998690
7679985183	627094743	7679996238
7683985183	627194745	7683995714
7687985183	627294759	7687996624
7691985183	627394736	7691995950
7695985183	627494735	7695995543
7699985224	627594887	7700005404
7703985183	627694732	7703996300
7707985183	627794762	7707997404
7711985183	627894763	7711997829
7715985183	627994724	7715995853
7719985183	628094766	7719997243
7723985183	628194768	7723998507
7727985183	628294718	7727995767
7731985183	628394714	7731995320
7735985183	628494743	7735997147
7739985183	628594712	7739995709
7743985183	628694708	7743995315
7747985183	628794757	7747997897
7751985183	628894707	7751995770
7755985183	628994709	7755995539
7759985224	629094912	7760006514
7763985183	629194712	7763996365
7767985183	629294703	7767995544
7771985183	629394725	7771997058
7775985183	629494703	7775995844
7779985183	629594699	7779995545
7783985183	629694714	7783996922
7787985183	629794729	7787998091
7791985183	629894702	7791995934
7795985183	629994713	7795997013
7799985183	630094687	7799995617
7803985183	630194735	7803997909
7807985183	630294709	7807997059
7811985183	630394682	7811995595
7815985183	630494677	7815995317
7819985224	630594829	7820004860
7823985183	630694689	7823996564
7827985183	630794705	7827997265
7831985183	630894711	7831997745
7835985183	630994671	7835995693
7839985183	631094673	7839995547
7843985183	631194555	7843987806
7847985183	631294720	7847998169
7851985183	631394676	7851996478
7855985183	631494667	7855995568
7859985183	631594684	7859996889
7863985183	631694666	7863995924
7867985183	631794686	7867997164
7871985183	631894694	7871997841
7875985183	631994656	7875995786
7879985183	632094656	7879995541
7883985224	632194807	7884005285
7887985183	632294660	7887996338
7891985183	632394693	7891997252
7895985183	632494679	7895997573
7899985183	632594645	7899995654
7903985183	632694647	7903995541
7907985183	632794697	7907998632
7911985183	632894638	7911995619
7915985183	632994634	7915995314
7919985183	633094659	7919996750
7923985183	633194632	7923995537
7927985183	633294635	7927995539
7931985183	633394686	7931998196
7935985183	633494631	7935995695
7939985183	633594624	7939995314
7943985224	633694784	7944005050
7947985183	633794650	7947997927
7951985183	633894633	7951995816
7955985183	633994656	7955997672
7959985183	634094620	7959995779
7963985183	634194620	7963995540
7967985183	634294644	7967997092
7971985183	634394615	7971995765
7975985183	634494650	7975997013
7979985183	634594649	7979998019
7983985183	634694611	7983995946
7987985183	634794633	7987997047
7991985183	634894649	7991998030
7995985183	634994605	7995995789
7999985183	635094605	7999995537
8003985224	635194753	8004005153
8007985183	635294605	8007996441
8011985183	635394599	8011995541
8015985183	635494480	8015987756
8019985183	635594655	8019998267
8023985183	635694589	8023995732
8027985183	635794627	8027998144
8031985183	635894638	8031998058
8035985183	635994582	8035995434
8039985183	636094589	8039995539
8043985183	636194619	8043997330
8047985183	636294577	8047995394
8051985183	636394584	8051995546
8055985386	636494715	8056002853
8059985183	636594581	8059996139
8063985183	636694618	8063997097
8067985224	636794721	8068004566
8071985183	636894588	8071996917
8075985183	636994573	8075995547
8079985183	637094589	8079996694
8083985183	637194573	8083995931
8087985183	637294568	8087995540
8091985183	637394584	8091996885
8095985183	637494568	8095995978
8099985183	637594556	8099995311
8103985183	637694623	8103998614
8107985183	637794603	8107998803
8111985183	637894569	8111996435
8115985183	637994576	8115996764
8119985183	638094557	8119995771
8123985183	638194556	8123995536
8127985224	638294697	8128004912
8131985183	638394557	8131996538
8135985183	638494547	8135995551
8139985183	638594563	8139996881
8143985183	638694545	8143995770
8147985183	638794623	8147999537
8151985183	638894580	8151998025
8155985183	638994534	8155995774
8159985183	639094536	8159995544
8163985183	639194556	8163996963
8167985183	639294529	8167995650
8171985183	639394525	8171995316
8175985183	639494551	8175996968
8179985183	639594524	8179995653
8183985183	639694520	8183995315
8187985183	639794420	8187988309
8191985224	639894713	8192005758
8195985183	639994533	8195996868
8199985183	640094526	8199995692
8203985183	640194540	8203997025
8207985183	640294521	8207996147
8211985183	640394514	8211995544
8215985183	640494529	8215996810
8219985183	640594517	8219996085
8223985183	640694504	8223995316
8227985183	640794560	8227998339
8231985183	640894516	8231996493
8235985183	640994545	8235997553
8239985183	641094529	8239997041
8243985183	641194502	8243995807
8247985183	641294500	8247995538
8251985224	641394647	8252005027
8255985183	641494505	8255996435
8259985183	641594495	8259995547
8263985183	641694516	8263997119
8267985183	641794528	8267998166
8271985183	641894496	8271995852
8275985183	641994555	8275999197
8279985183	642094501	8279996737
8283985183	642194485	8283995647
8287985183	642294500	8287996835
8291985183	642394485	8291995870
8295985183	642494473	8295995326
8299985183	642594496	8299996840
8303985183	642694481	8303995877
8307985183	642794507	8307997817
8311985224	642894622	8312005072
8315985183	642994476	8315996374
8319985183	643094510	8319997204
8323985183	643194491	8323997331
8327985183	643294464	8327995851
8331985183	643394463	8331995539
8335985183	643494484	8335997119
8339985183	643594459	8339995760
8343985183	643694452	8343995317
8347985183	643794508	8347998610
8351985183	643894456	8351995902
8355985183	643994447	8355995316
8359985183	644094324	8359987393
8363985183	644194490	8363997447
8367985183	644294446	8367995577
8371985183	644394447	8371995561
8375985224	644494596	8376005121
8379985183	644594449	8379996479
8383985183	644694442	8383995540
8387985183	644794492	8387998909
8391985183	644894443	8391996034
8395985183	644994438	8395995541
8399985183	645094454	8399996724
8403985183	645194434	8403995842
8407985183	645294475	8407997392
8411985183	645394465	8411997930
8415985183	645494428	8415995895
8419985183	645594421	8419995316
8423985183	645694445	8423996900
8427985183	645794458	8427998148
8431985183	645894426	8431995792
8435985224	645994570	8436004842
8439985183	646094427	8439996738
8443985183	646194417	8443995540
8447985183	646294474	8447998483
8451985183	646394417	8451996419
8455985183	646494414	8455995825
8459985183	646594423	8459996598
8463985183	646694417	8463996262
8467985183	646794445	8467998274
8471985386	646894539	8472002550
8475985183	646994410	8475996301
8479985183	647094397	8479995261
8483985183	647194416	8483996630
8487985183	647294399	8487996109
8491985183	647394440	8491997404
8495985183	647494549	8496005239
8499985183	647594397	8499996236
8503985183	647694391	8503995545
8507985224	647794434	8507998223
8511985183	647894386	8511995784
8515985183	647994385	8515995552
8519985183	648094411	8519997230
8523985183	648194382	8523995704
8527985183	648294374	8527995321
8531985183	648394254	8531987512
8535985183	648494436	8535998335
8539985183	648594381	8539996396
8543985183	648694374	8543995591
8547985183	648794405	8547997510
8551985183	648894380	8551996409
8555985183	648994363	8555995325
8559985183	649094507	8560004639
8563985183	649194373	8563996489
8567985183	649294363	8567995545
8571985183	649394384	8571996926
8575985183	649494360	8575995792
8579985183	649594404	8579997365
8583985183	649694389	8583997711
8587985224	649794402	8587999116
8591985183	649894355	8591995626
8595985183	649994373	8595996877
8599985183	650094349	8599995803
8603985183	650194349	8603995541
8607985183	650294371	8607997237
8611985183	650394343	8611995776
8615985183	650494336	8615995314
8619985183	650594538	8620006033
8623985183	650694355	8623996840
8627985224	650794357	8627996948
8631985183	650894382	8631998121
8635985183	650994332	8635995678
8639985183	651094334	8639995540
8643985183	651194358	8643997382
8647985183	651294324	8647995501
8651985183	651394321	8651995314
8655985183	651494347	8655997139
8659985183	651594318	8659995509
8663985183	651694357	8663997378
8667985183	651794369	8667998073
8671985183	651894324	8671996026
8675985183	651994317	8675995546
8679985183	652094453	8680004277
8683985183	652194329	8683997002
8687985183	652294312	8687995545
8691985183	652394333	8691996968
8695985183	652494307	8695995939
8699985183	652594306	8699995536
8703985183	652694297	8703995307
8707985224	652794369	8707999898
8711985183	652894311	8711996584
8715985183	652994305	8715995729
8719985183	653094324	8719996968
8723985183	653194298	8723995948
8727985183	653294297	8727995539
8731985183	653394317	8731996980
8735985183	653494292	8735995880
8739985183	653594285	8739995314
8743985183	653694432	8744004672
8747985224	653794379	8748000137
8751985183	653894299	8751996177
8755985183	653994312	8755997603
8759985183	654094288	8759996005
8763985183	654194281	8763995538
8767985183	654294293	8767996541
8771985183	654394282	8771995969
8775985183	654494270	8775995322
8779985183	654594287	8779996536
8783985183	654694276	8783995970
8787985183	654794301	8787997558
8791985305	654894406	8792001865
8795985183	654994262	8795995733
8799985183	655094261	8799995406
8803985183	655194284	8803996750
8807985183	655294259	8807995663
8811985183	655394259	8811995541
8815985183	655494281	8815996855
8819985183	655594255	8819995628
8823985183	655694249	8823995314
8827985305	655794381	8828001355
8831985183	655894300	8831997852
8835985183	655994251	8835995583
8839985183	656094271	8839997026
8843985183	656194249	8843995952
8847985183	656294244	8847995537
8851985305	656394379	8852001718
8855985183	656494235	8855995626
8859985183	656594235	8859995409
8863985183	656694106	8863987204
8867985183	656794272	8867997971
8871985183	656894295	8871998501
8875985183	656994240	8875996234
8879985183	657094265	8879997020
8883985183	657194221	8883995483
8887985183	657294228	8887995626
8891985386	657394358	8892001699
8895985183	657494219	8895995889
8899985183	657594221	8899995481
8903985183	657694245	8903996839
8907985183	657794240	8907997848
8911985183	657894288	8911998758
8915985224	657994369	8916005071
8919985183	658094218	8919996688
8923985183	658194212	8923995546
8927985183	658294234	8927997012
8931985183	658394205	8931995775
8935985183	658494207	8935995544
8939985183	658594229	8939997194
8943985183	658694198	8943995717
8947985183	658794240	8947998095
8951985183	658894274	8951999111
8955985183	658994208	8955996618
8959985183	659094203	8959995853
8963985183	659194215	8963996920
8967985183	659294197	8967995981
8971985183	659394186	8971995320
8975985224	659494341	8976005382
8979985183	659594191	8979996256
8983985183	659694188	8983995621
8987985183	659794227	8987998037
8991985183	659894180	8991995621
8995985183	659994222	8995997254
8999985183	660094217	8999997980
9003985183	660194176	9003995764
9007985183	660294170	9007995311
9011985183	660394196	9011996938
9015985183	660494169	9015995584
9019985183	660594164	9019995319
9023985183	660694191	9023996940
9027985183	660794187	9027996949
9031985183	660894164	9031995526
9035985183	660994046	9035987790
9039985224	661094353	9040006086
9043985183	661194177	9043996818
9047985183	661294160	9047995545
9051985183	661394180	9051996933
9055985183	661494160	9055995950
9059985183	661594155	9059995536
9063985183	661694171	9063996883
9067985183	661794202	9067998851
9071985183	661894152	9071995688
9075985183	661994172	9075997014
9079985183	662094144	9079995715
9083985183	662194191	9083997777
9087985183	662294168	9087997151
9091985183	662394141	9091995757
9095985183	662494134	9095995314
9099985224	662594285	9100005114
9103985183	662694143	9103996470
9107985183	662794161	9107997260
9111985183	662894169	9111997937
9115985183	662994129	9115995731
9119985183	663094129	9119995544
9123985183	663194197	9123999331
9127985183	663294137	9127996453
9131985183	663394117	9131995340
9135985183	663494142	9135996953
9139985183	663594123	9139995863
9143985183	663694113	9143995315
9147985183	663794154	9147997684
9151985183	663894120	9151996023
9155985183	663994113	9155995539
9159985224	664094245	9160004232
9163985183	664194127	9163997045
9167985183	664294149	9167997253
9171985183	664394131	9171997190
9175985183	664494107	9175996144
9179985183	664594103	9179995539
9183985183	664694121	9183996864
9187985183	664794139	9187998665
9191985183	664894107	9191995956
9195985183	664994116	9195996847
9199985183	665094093	9199995858
9203985183	665194092	9203995542
9207985183	665293968	9207987557
9211985183	665394129	9211997409
9215985183	665494083	9215995510
9219985183	665594092	9219995690
9223985224	665694223	9224004552
9227985183	665794122	9227998303
9231985183	665894083	9231995657
9235985183	665994109	9235997657
9239985183	666094079	9239995761
9243985183	666194077	9243995546
9247985183	666294102	9247997313
9251985183	666394074	9251995715
9255985183	666494107	9255997028
9259985183	666594100	9259997747
9263985183	666694072	9263995987
9267985183	666794094	9267997388
9271985183	666894095	9271997632
9275985183	666994063	9275995684
9279985183	667094062	9279995547
9283985224	667194211	9284005144
9287985183	667294062	9287996430
9291985183	667394056	9291995547
9295985183	667494120	9295998804
9299985183	667594059	9299996337
9303985183	667694050	9303995631
9307985386	667794164	9308001787
9311985183	667894066	9311996841
9315985183	667994039	9315995261
9319985183	668094062	9319996632
9323985183	668194045	9323996105
9327985183	668294041	9327995547
9331985183	668394057	9331996811
9335985183	668494038	9335996039
9339985183	668594074	9339997190
9343985183	668694173	9344004658
9347985224	668794065	9347998190
9351985386	668893975	9351990935
9355985224	668993980	9355991224
9359985183	669094073	9359997700
9363985183	669194024	9363995668
9367985183	669294046	9367996582
9371985183	669394019	9371995919
9375985183	669494022	9375995622
9379985183	669593902	9379987828
9383985183	669694075	9383997942
9387985265	669794074	9387998876
9391985183	669894023	9391996950
9395985183	669994041	9395996938
9399985183	670094007	9399995913
9403985183	670194008	9403995457
9407985183	670294028	9407996573
9411985183	670394001	9411995861
9415985183	670494002	9415995462
9419985224	670594124	9420004041
9423985183	670694074	9423999110
9427985183	670794032	9427997502
9431985183	670894038	9431998231
9435985183	670993994	9435995805
9439985183	671093993	9439995540
9443985183	671194012	9443996983
9447985183	671293985	9447995653
9451985183	671393981	9451995321
9455985183	671494010	9455996980
9459985183	671593983	9459995655
9463985183	671693979	9463995311
9467985183	671794027	9467997864
9471985183	671893984	9471996006
9475985183	671993978	9475995539
9479985224	672094110	9480004021
9483985183	672193991	9483997212
9487985183	672293972	9487995541
9491985183	672393988	9491996637
9495985183	672493969	9495996092
9499985183	672593967	9499995542
9503985183	672693990	9503996991
9507985183	672794053	9508000229
9511985183	672893985	9511996838
9515985183	672993976	9515996378
9519985183	673093961	9519996042
9523985183	673193958	9523995547
9527985183	673293972	9527996543
9531985183	673393955	9531996001
9535985183	673493946	9535995320
9539985224	673594083	9540004043
9543985183	673693970	9543997370
9547985183	673793970	9547997113
9551985183	673893838	9551988536
9555985183	673993966	9555996823
9559985183	674093934	9559995467
9563985183	674193935	9563995342
9567985183	674293965	9567996987
9571985183	674393930	9571995539
9575985183	674493936	9575995536
9579985183	674593954	9579996750
9583985183	674693931	9583995764
9587985183	674793946	9587996888
9591985183	674893994	9591998841
9595985183	674993930	9595996253
9599985183	675093930	9599995744
9603985224	675194061	9604004296
9607985183	675293940	9607997139
9611985183	675393920	9611995545
9615985183	675493938	9615996741
9619985183	675593920	9619996061
9623985183	675693915	9623995544
9627985183	675793946	9627997451
9631985183	675893921	9631996388
9635985183	675993946	9635997134
9639985183	676093945	9639997904
9643985183	676193905	9643995951
9647985183	676293905	9647995545
9651985183	676393923	9651996784
9655985183	676493899	9655995779
9659985183	676593894	9659995320
9663985224	676694030	9664004111
9667985183	676793937	9667998996
9671985183	676893896	9671995693
9675985183	676993958	9675998835
9679985183	677093906	9679997163
9683985183	677193889	9683995571
9687985183	677293902	9687996565
9691985183	677393890	9691996006
9695985183	677493878	9695995315
9699985183	677593894	9699996477
9703985183	677693884	9703996003
9707985183	677793906	9707997517
9711985183	677893907	9711997479
9715985183	677993872	9715995752
9719985183	678093902	9719996665
9723985183	678193764	9723988311
9727985224	678294005	9728003906
9731985183	678393887	9731997419
9735985183	678493868	9735995546
9739985183	678593883	9739996560
9743985183	678693866	9743996126
9747985183	678793906	9747998268
9751985183	678893884	9751996930
9755985183	678993855	9755995876
9759985183	679093856	9759995547
9763985183	679193889	9763997744
9767985183	679293860	9767996422
9771985183	679393847	9771995322
9775985183	679493875	9775997013
9779985183	679593848	9779995884
9783985183	679693841	9783995315
9787985224	679793976	9788003764
9791985183	679893865	9791997498
9795985183	679993843	9795995570
9799985183	680093862	9799996929
9803985183	680193884	9803997886
9807985183	680293846	9807996095
9811985183	680393855	9811996915
9815985183	680493832	9815995827
9819985183	680593825	9819995317
9823985183	680693850	9823996910
9827985183	680793861	9827998203
9831985183	680893837	9831996276
9835985183	680993848	9835996840
9839985183	681093822	9839995786
9843985183	681193822	9843995544
9847985224	681293950	9848003683
9851985183	681393841	9851997702
9855985183	681493816	9855995546
9859985183	681593832	9859996689
9863985183	681693814	9863996222
9867985183	681793838	9867997478
9871985183	681893831	9871996832
9875985183	681993808	9875996016
9879985183	682093805	9879995545
9883985183	682193828	9883996997
9887985183	682293845	9887997631
9891985183	682393808	9891996451
9895985183	682493680	9895987718
9899985183	682593804	9899996005
9903985183	682693788	9903995457
9907985183	682793826	9907997762
9911985224	682893926	9912004212
9915985183	682993805	9915996967
9919985183	683093789	9919995539
9923985183	683193805	9923996781
9927985183	683293832	9927997754
9931985183	683393794	9931996308
9935985183	683493802	9935996909
9939985183	683593781	9939995806
9943985183	683693773	9943995322
9947985183	683793822	9947998015
9951985183	683893785	9951996273
9955985183	683993768	9955995319
9959985183	684093787	9959996320
9963985183	684193771	9963995857
9967985183	684293769	9967995547
9971985224	684393903	9972004127
9975985183	684493783	9975997390
9979985183	684593762	9979995545
9983985183	684693779	9983996606
9987985183	684793791	9987998247
9991985183	684893771	9991996206
9995985183	684993771	9995996526
9999985183	685093753	9999995956
10003985183	685193752	10003995547
10007985183	685293773	10007996924
10011985183	685393795	10011997778
10015985183	685493754	10015996443
10019985183	685593765	10019996755
10023985183	685693745	10023995957
10027985183	685793773	10027997830
10031985224	685893877	10032004317
10035985183	685993751	10035996871
10039985183	686093737	10039995546
10043985183	686193757	10043997014
10047985183	686293730	10047995708
10051985183	686393732	10051995546
10055985183	686493618	10055988091
10059985183	686593742	10059996436
10063985183	686693721	10063995520
10067985183	686793762	10067998418
10071985224	686893855	10072001522
10075985183	686993718	10075995723
10079985183	687093716	10079995321
10083985183	687193745	10083996907
10087985183	687293712	10087995500
10091985183	687393714	10091995480
10095985183	687493786	10095998799
10099985183	687593709	10099995923
10103985183	687693718	10103995824
10107985183	687793759	10107997991
10111985183	687893713	10111995988
10115985183	687993700	10115995321
10119985183	688093719	10119996294
10123985183	688193701	10123995824
10127985183	688293700	10127995552
10131985386	688393834	10132001734
10135985183	688493697	10135996005
10139985183	688593742	10139997376
10143985183	688693715	10143997025
10147985183	688793714	10147998018
10151985183	688893718	10151996919
10155985305	688993819	10156001507
10159985183	689093684	10159995848
10163985183	689193681	10163995407
10167985183	689293700	10167996582
10171985183	689393683	10171995843
10175985183	689493679	10175995537
10179985183	689593747	10179998712
10183985183	689693685	10183996366
10187985183	689793708	10187998131
10191985183	689893714	10191997730
10195985183	689993666	10195995505
10199985183	690093663	10199995312
10203985183	690193690	10203996817
10207985183	690293660	10207995536
10211985183	690393663	10211995539
10215985224	690493812	10216005009
10219985183	690593666	10219996658
10223985183	690693699	10223997155
10227985251	690793773	10228000929
10231985183	690893659	10231996276
10235985183	690993651	10235995561
10239985183	691093651	10239995486
10243985183	691193669	10243996537
10247985183	691293653	10247996160
10251985183	691393642	10251995315
10255985183	691493664	10255996536
10259985183	691593648	10259996163
10263985183	691693637	10263995320
10267985183	691793685	10267998123
10271985183	691893645	10271996348
10275985183	691993631	10275995322
10279985224	692093781	10280004813
10283985183	692193641	10283996500
10287985183	692293633	10287995545
10291985183	692393651	10291996959
10295985183	692493626	10295995770
10299985183	692593626	10299995542
10303985183	692693654	10303997350
10307985183	692793714	10308000486
10311985183	692893640	10311996742
10315985183	692993633	10315996356
10319985183	693093621	10319996039
10323985183	693193616	10323995547
10327985183	693293629	10327996387
10331985183	693393618	10331996092
10335985183	693493606	10335995322
10339985224	693593757	10340004677
10343985183	693693619	10343996866
10347985183	693793631	10347997031
10351985183	693893656	10351998873
10355985183	693993601	10355995952
10359985183	694093601	10359995540
10363985183	694193621	10363996852
10367985183	694293593	10367995800
10371985183	694393589	10371995314
10375985183	694493617	10375996860
10379985183	694593589	10379995800
10383985183	694693585	10383995319
10387985183	694793635	10387997906
10391985183	694893618	10391997194
10395985183	694993595	10395995985
10399985183	695093467	10399987968
10403985224	695193722	10404004272
10407985183	695293590	10407996849
10411985183	695393582	10411995630
10415985183	695493602	10415997015
10419985183	695593575	10419995896
10423985183	695693577	10423995621
10427985183	695793627	10427999052
10431985183	695893571	10431995976
10435985183	695993610	10435997228
10439985183	696093595	10439997329
10443985183	696193571	10443996234
10447985183	696293565	10447995543
10451985183	696393577	10451996562
10455985183	696493565	10455996088
10459985183	696593553	10459995317
10463985224	696693696	10464004346
10467985183	696793599	10467998810
10471985183	696893555	10471995575
10475985183	696993622	10475999259
10479985183	697093571	10479997309
10483985183	697193548	10483995547
10487985183	697293567	10487996812
10491985183	697393551	10491996071
10495985183	697493538	10495995315
10499985183	697593560	10499996733
10503985183	697693546	10503996070
10507985183	697793567	10507997540
10511985183	697893567	10511997534
10515985183	697993535	10515995910
10519985183	698093563	10519996805
10523985224	698193684	10524005146
10527985183	698293534	10527996454
10531985183	698393528	10531995539
10535985183	698493406	10535987637
10539985183	698593534	10539996218
10543985183	698693516	10543995460
10547985386	698793632	10548001617
10551985183	698893532	10551996473
10555985183	698993515	10555995465
10559985183	699093587	10559998946
10563985183	699193524	10563996387
10567985183	699293518	10567995764
10571985183	699393386	10571987460
10575985183	699493524	10575996514
10579985183	699593502	10579995409
10583985183	699693508	10583995539
10587985224	699793667	10588005854
10591985183	699893504	10591996041
10595985183	699993502	10595995537
10599985183	700093569	10599999028
10603985183	700193501	10603996106
10607985183	700293496	10607995569
10611985183	700393515	10611997091
10615985183	700493492	10615995691
10619985183	700593485	10619995322
10623985183	700693511	10623997096
10627985183	700793543	10627999423
10631985183	700893481	10631995317
10635985183	700993506	10635997100
10639985183	701093476	10639995536
10643985183	701193512	10643996919
10647985183	701293632	10648005208
10651985183	701393481	10651996266
10655985183	701493476	10655995541
10659985183	701593499	10659997052
10663985183	701693470	10663995707
10667985224	701793522	10667998728
10671985183	701893491	10671997050
10675985183	701993462	10675995701
10679985183	702093464	10679995539
10683985183	702193538	10683999388
10687985183	702293474	10687996793
10691985183	702393454	10691995343
10695985183	702493478	10695996916
10699985183	702593459	10699995926
10703985183	702693449	10703995318
10707985183	702793593	10708004488
10711985183	702893462	10711996693
10715985183	702993450	10715995542
10719985183	703093470	10719997137
10723985183	703193442	10723995776
10727985183	703293487	10727997416
10731985183	703393469	10731997533
10735985183	703493438	10735995767
10739985183	703593432	10739995322
10743985183	703693317	10743987677
10747985224	703793485	10747998961
10751985183	703893439	10751996234
10755985183	703993435	10755995621
10759985183	704093449	10759996559
10763985183	704193434	10763996136
10767985183	704293429	10767995540
10771985183	704393565	10772004575
10775985183	704493436	10775996641
10779985183	704593423	10779995540
10783985183	704693444	10783997052
10787985224	704793454	10787998323
10791985183	704893424	10791995881
10795985183	704993441	10795997263
10799985183	705093409	10799995656
10803985183	705193411	10803995547
10807985183	705293440	10807997524
10811985183	705393451	10811997510
10815985183	705493416	10815996418
10819985183	705593431	10819997242
10823985183	705693400	10823995626
10827985183	705793437	10827997997
10831985183	705893543	10832004775
10835985183	705993407	10835996367
10839985183	706093398	10839995546
10843985183	706193420	10843997213
10847985183	706293389	10847995536
10851985183	706393392	10851995547
10855985183	706493427	10855998133
10859985183	706593384	10859995574
10863985183	706693381	10863995320
10867985224	706793442	10867998844
10871985183	706893385	10871995847
10875985183	706993376	10875995314
10879985183	707093401	10879996753
10883985183	707193374	10883995535
10887985183	707293377	10887995545
10891985183	707393510	10892004255
10895985183	707493438	10895998436
10899985183	707593382	10899996093
10903985183	707693397	10903997422
10907985224	707793410	10907998979
10911985183	707893375	10911995957
10915985183	707993248	10915987758
10919985183	708093369	10919996004
10923985183	708193355	10923995362
10927985183	708293356	10927995336
10931985183	708393390	10931997488
10935985183	708493351	10935995603
10939985183	708593384	10939996692
10943985183	708693380	10943997524
10947985183	708793400	10947999148
10951985183	708893351	10951995647
10955985183	708993487	10956004567
10959985183	709093355	10959996432
10963985183	709193345	10963995540
10967985386	709293447	10968000938
10971985183	709393350	10971996375
10975985183	709493333	10975995260
10979985183	709593410	10979998902
10983985183	709693345	10983996642
10987985183	709793389	10987999286
10991985183	709893372	10991997473
10995985183	709993327	10995995640
10999985183	710093330	10999995539
11003985183	710193352	11003997036
11007985183	710293322	11007995651
11011985183	710393318	11011995317
11015985224	710493458	11016004423
11019985183	710593335	11019997020
11023985183	710693358	11023997181
11027985183	710793375	11027999006
11031985183	710893323	11031996429
11035985183	710993314	11035995536
11039985183	711093330	11039996631
11043985183	711193310	11043995952
11047985183	711293302	11047995320
11051985183	711393325	11051996638
11055985183	711493305	11055995951
11059985183	711593297	11059995316
11063985183	711693348	11063997754
11067985183	711793327	11067997399
11071985183	711893302	11071995772
11075985224	711993432	11076004293
11079985183	712093305	11079996819
11083985183	712193291	11083995545
11087985183	712293170	11087987677
11091985183	712393302	11091996255
11095985183	712493279	11095995402
11099985183	712593282	11099995342
11103985183	712693365	11103999277
11107985183	712793330	11107999269
11111985183	712893289	11111995964
11115985183	712993304	11115996975
11119985183	713093274	11119995694
11123985183	713193277	11123995547
11127985183	713293300	11127997155
11131985183	713393268	11131995634
11135985183	713493265	11135995320
11139985224	713593416	11140004687
11143985183	713693279	11143996764
11147985183	713793336	11147998849
11151985183	713893315	11151998752
11155985183	713993263	11155996092
11159985183	714093262	11159995545
11163985183	714193285	11163996976
11167985183	714293258	11167995922
11171985183	714393251	11171995312
11175985183	714493278	11175996976
11179985183	714593251	11179995907
11183985183	714693244	11183995319
11187985183	714793322	11187999174
11191985183	714893265	11191996853
11195985183	714993245	11195995541
11199985224	715093381	11200004217
11203985183	715193258	11203997037
11207985183	715293241	11207995546
11211985183	715393264	11211997005
11215985183	715493236	11215995904
11219985183	715593236	11219995540
11223985183	715693256	11223997031
11227985183	715793254	11227997790
11231985183	715893286	11231998012
11235985183	715993262	11235997721
11239985183	716093224	11239995823
11243985183	716193225	11243995544
11247985452	716293349	11248000829
11251985183	716393218	11251995714
11255985183	716493213	11255995322
11259985183	716593098	11259987677
11263985224	716693345	11264003807
11267985183	716793252	11267998407
11271985183	716893224	11271995908
11275985183	716993254	11275998438
11279985183	717093211	11279996015
11283985183	717193209	11283995546
11287985183	717293229	11287996881
11291985183	717393203	11291995826
11295985183	717493197	11295995315
11299985183	717593224	11299996876
11303985183	717693198	11303995825
11307985183	717793223	11307997325
11311985183	717893230	11311997566
11315985183	717993228	11315997288
11319985183	718093202	11319995991
11323985224	718193342	11324005086
11327985183	718293197	11327996554
11331985183	718393188	11331995536
11335985183	718493209	11335996935
11339985183	718593182	11339995800
11343985183	718693184	11343995547
11347985183	718793220	11347997605
11351985183	718893180	11351995994
11355985183	718993171	11355995317
11359985183	719093208	11359997583
11363985183	719193170	11363995904
11367985183	719293172	11367995546
11371985183	719393191	11371996630
11375985183	719493168	11375995793
11379985183	719593162	11379995311
11383985386	719693305	11384001906
11387985183	719793180	11387997423
11391985183	719893171	11391995914
11395985183	719993192	11395997230
11399985183	720093212	11399998231
11403985183	720193179	11403996650
11407985183	720293181	11407996894
11411985183	720393152	11411995721
11415985183	720493146	11415995314
11419985183	720593174	11419996812
11423985183	720693147	11423995722
11427985183	720793161	11427996829
11431985183	720893156	11431996146
11435985183	720993182	11435997421
11439985183	721093137	11439995573
11443985183	721193174	11443997147
11447985224	721293284	11448004505
11451985183	721393146	11451996759
11455985183	721493136	11455995540
11459985183	721593157	11459997021
11463985183	721693132	11463995817
11467985183	721793169	11467998087
11471985183	721893158	11471997246
11475985183	721993124	11475995703
11479985183	722093126	11479995552
11483985183	722193202	11483999390
11487985183	722293133	11487996689
11491985183	722393115	11491995428
11495985183	722493139	11495996916
11499985183	722593118	11499995859
11503985183	722693110	11503995315
11507985224	722793257	11508004372
11511985183	722893126	11511997128
11515985183	722993111	11515995537
11519985183	723093130	11519996958
11523985183	723193104	11523995822
11527985183	723293150	11527997355
11531985183	723393131	11531997444
11535985183	723493101	11535995947
11539985183	723593094	11539995316
11543985183	723693121	11543997102
11547985183	723793136	11547998398
11551985183	723893103	11551996194
11555985183	723993111	11555996715
11559985183	724093088	11559995614
11563985183	724193089	11563995536
11567985224	724293276	11568005564
11571985183	724393101	11571997167
11575985183	724493089	11575995739
11579985183	724593099	11579996629
11583985183	724693086	11583996337
11587985183	724793113	11587997677
11591985183	724893099	11591997084
11595985183	724993071	11595995661
11599985183	725093073	11599995536
11603985183	725193064	11603995314
11607985183	725293102	11607997472
11611985183	725393109	11611997702
11615985183	725493073	11615995959
11619985183	725593094	11619997334
11623985183	725693060	11623995641
11627985183	725793098	11627997872
11631985224	725893193	11632003996
11635985183	725993079	11635997140
11639985183	726093057	11639995567
11643985183	726193081	11643997175
11647985183	726293049	11647995536
11651985183	726393052	11651995539
11655985183	726493084	11655997818
11659985183	726593048	11659995778
11663985183	726693041	11663995313
11667985183	726793090	11667998133
11671985183	726893053	11671996468
11675985183	726993035	11675995322
11679985183	727093061	11679996754
11683985183	727193034	11683995535
11687985183	727293037	11687995541
11691985224	727393160	11692003689
11695985183	727493109	11695999137
11699985183	727593041	11699996096
11703985183	727693052	11703997144
11707985183	727793066	11707998563
11711985183	727893037	11711996153
11715985183	727993050	11715997045
11719985183	728093021	11719995786
11723985183	728193021	11723995541
11727985183	728293045	11727997229
11731985183	728393017	11731995824
11735985183	728493010	11735995320
11739985183	728593035	11739997164
11743985183	728693016	11743995969
11747985183	728793048	11747998122
11751985386	728892972	11751991879
11755985265	728993107	11756000136
11759985183	729093008	11759995910
11763985183	729192890	11763988074
11767985183	729293023	11767996652
11771985183	729392991	11771995406
11775985183	729493000	11775995571
11779985183	729593073	11779998885
11783985183	729693001	11783996299
11787985224	729793049	11787999146
11791985183	729893031	11791997645
11795985183	729992989	11795995784
11799985183	730092990	11799995541
11803985183	730193012	11803996898
11807985183	730292983	11807995700
11811985183	730392985	11811995547
11815985183	730493113	11816004533
11819985183	730592988	11819996539
11823985183	730693020	11823997184
11827985224	730793044	11827999251
11831985183	730892975	11831996003
11835985183	730992974	11835995539
11839985183	731092990	11839996733
11843985183	731192969	11843995746
11847985183	731292962	11847995326
11851985183	731392985	11851996732
11855985183	731492964	11855995745
11859985183	731592957	11859995316
11863985183	731693008	11863997873
11867985183	731792987	11867997283
11871985183	731892958	11871995662
11875985183	731993083	11876003881
11879985183	732092965	11879996842
11883985183	732192952	11883995540
11887985183	732292980	11887997224
11891985183	732392949	11891995789
11895985183	732492948	11895995545
11899985183	732592971	11899997275
11903985183	732692943	11903995751
11907985224	732793023	11907999612
11911985183	732892986	11911998132
11915985183	732992940	11915996092
11919985183	733092938	11919995545
11923985183	733192959	11923997004
11927985183	733292931	11927995768
11931985183	733392926	11931995320
11935985183	733492811	11935987700
11939985183	733593053	11940003651
11943985183	733692947	11943997154
11947985224	733792952	11947997181
11951985183	733892985	11951999188
11955985183	733992925	11955996129
11959985183	734092924	11959995620
11963985183	734192941	11963996982
11967985183	734292917	11967995805
11971985183	734392910	11971995322
11975985183	734492937	11975996979
11979985183	734592913	11979995811
11983985183	734692906	11983995322
11987985183	734792945	11987997657
11991985183	734892947	11991997378
11995985183	734992915	11995995979
